100 10
904 900
46 5
46 9
74 2
97 4
86 1
40 8
6 8
87 1
25 3
97 8
56 1
93 7
17 10
97 7
12 6
67 7
72 1
31 2
27 5
86 3
25 8
24 1
96 1
26 2
63 3
88 4
9 3
98 8
63 10
93 9
54 7
36 4
89 9
25 4
49 1
100 9
46 8
5 5
93 2
38 8
38 5
52 10
12 6
29 9
71 7
3 9
9 3
21 2
5 3
93 8
64 6
41 5
60 1
93 9
48 1
98 1
42 2
86 6
91 3
93 10
2 8
80 7
32 2
90 5
33 7
85 2
99 8
10 6
2 1
18 4
34 5
83 8
72 2
20 3
66 10
30 7
96 5
91 7
31 3
75 3
60 5
40 8
98 8
38 8
39 10
6 10
56 10
19 3
46 7
22 6
55 1
68 6
88 9
37 3
41 5
84 5
35 3
98 3
9 8
24 4
1 7
41 7
39 9
20 5
42 7
13 9
30 5
100 5
49 2
84 8
15 8
95 10
52 10
81 6
32 8
53 2
85 8
64 6
16 6
38 7
86 7
48 9
83 2
37 5
7 8
93 2
73 3
84 5
77 2
16 5
31 1
70 1
87 5
12 7
41 7
16 7
100 7
48 9
46 9
83 10
29 1
40 10
66 7
88 8
94 3
7 3
23 6
20 9
6 1
96 8
5 5
100 5
78 2
9 4
72 4
83 6
75 2
3 2
95 3
70 7
92 8
44 3
52 6
63 9
58 7
99 10
14 6
17 9
38 3
50 9
31 1
36 6
46 1
87 8
86 6
59 4
42 6
9 7
57 3
12 9
68 5
8 5
38 6
100 2
91 8
64 6
34 6
81 6
27 10
23 2
32 1
3 5
41 7
98 6
77 4
79 1
92 1
20 3
20 4
51 6
9 10
51 7
54 10
76 1
55 8
57 2
52 10
66 5
26 9
37 9
37 5
87 10
44 7
34 5
35 9
90 8
40 6
17 5
68 1
34 5
69 3
93 10
55 6
93 10
37 10
80 3
66 8
45 5
40 9
16 6
16 2
8 9
81 8
86 3
22 6
32 1
52 10
38 7
50 1
73 1
95 4
100 8
49 4
62 7
54 5
22 1
16 5
5 9
56 3
70 1
28 7
80 10
67 7
56 6
43 7
28 10
9 10
88 3
22 10
88 7
51 10
84 7
81 2
26 2
58 3
62 8
30 5
19 1
32 6
1 6
21 8
98 4
46 10
39 2
61 8
76 4
38 3
35 1
53 2
61 5
40 2
57 5
26 3
19 9
18 7
18 4
9 5
28 2
53 6
35 9
14 6
8 1
9 5
12 1
26 10
20 3
48 2
27 7
42 3
12 7
4 5
61 3
64 3
14 7
34 3
68 6
56 1
15 6
11 2
40 1
44 10
57 6
63 3
59 9
100 4
99 3
34 5
34 3
69 5
84 10
75 7
18 3
61 7
90 10
13 10
7 4
9 8
60 5
96 6
77 6
43 4
38 6
61 4
59 10
22 6
46 6
6 3
75 9
27 2
42 10
32 9
57 8
6 4
43 5
3 5
86 4
10 2
82 5
44 6
60 8
78 6
16 6
86 6
2 9
94 3
73 4
37 10
32 8
54 9
89 2
95 7
92 8
18 10
47 8
8 8
71 7
94 9
11 2
4 4
87 1
4 7
77 3
94 7
53 10
34 7
34 7
3 6
55 2
59 9
97 5
41 3
93 7
85 7
75 10
34 3
66 9
8 4
80 5
27 8
91 3
95 8
51 1
44 9
41 9
78 1
93 10
99 10
94 10
41 3
59 2
76 4
77 5
43 4
34 6
100 6
39 7
64 5
60 6
5 5
66 8
49 6
19 4
72 10
99 8
60 2
40 10
100 6
76 3
15 5
76 9
12 8
98 4
84 6
83 5
5 10
69 1
68 5
67 5
89 10
18 4
60 1
78 4
27 3
89 7
15 10
11 2
69 1
91 3
72 7
14 7
27 10
56 3
54 5
63 1
4 3
90 1
31 4
19 2
7 2
47 4
27 1
60 10
56 2
77 6
3 10
96 8
47 3
71 3
88 5
47 6
84 2
35 7
79 2
78 8
9 8
9 6
5 1
99 5
50 3
12 3
3 8
54 7
11 4
43 4
72 6
1 1
66 9
96 10
27 4
70 4
95 1
86 2
79 5
84 6
36 9
23 1
39 2
92 5
53 10
58 10
98 4
93 5
80 2
96 7
98 2
8 5
54 6
66 9
14 9
88 10
21 2
13 3
63 7
16 9
92 9
84 4
54 8
32 5
46 5
25 1
29 8
70 1
8 7
95 8
6 7
49 4
84 3
10 7
92 7
69 3
50 6
37 4
44 5
11 2
72 6
14 2
85 5
61 6
40 4
20 10
45 8
67 3
34 6
69 5
38 6
32 1
69 1
91 6
50 1
48 1
19 7
96 5
71 5
2 8
29 5
66 6
38 3
86 1
30 8
31 9
1 1
2 1
59 5
93 1
4 10
38 7
74 8
67 1
95 1
22 6
70 1
51 4
34 6
84 9
63 4
53 9
81 3
5 1
32 1
11 9
32 8
75 4
50 6
85 8
63 8
74 8
40 9
44 9
56 7
90 1
4 1
21 3
6 5
10 2
70 9
79 10
26 4
87 4
53 4
31 6
14 7
63 1
22 10
7 9
87 7
72 6
42 3
28 2
53 9
10 4
24 1
55 2
92 7
19 2
72 6
15 2
72 9
49 3
7 3
55 2
42 3
38 6
61 9
29 8
98 4
99 6
65 4
89 7
20 1
50 6
21 5
44 6
1 7
12 5
86 2
82 10
35 2
38 10
76 5
21 1
75 9
14 5
28 9
61 5
26 6
96 8
87 6
93 3
45 3
11 7
27 1
54 7
97 4
76 1
7 8
87 1
23 6
69 10
80 9
42 6
82 8
21 4
45 6
29 6
94 2
49 5
15 10
62 5
40 4
39 6
37 9
85 9
63 5
1 5
11 3
65 1
11 6
31 3
40 9
43 1
78 8
25 7
76 6
80 3
22 10
4 10
88 4
40 6
98 5
16 8
60 9
70 2
93 2
66 6
54 10
38 3
74 4
8 4
72 8
38 10
11 7
66 4
77 5
22 7
72 6
2 10
53 4
25 4
39 9
73 5
35 9
36 1
60 9
74 2
4 2
32 10
51 7
76 6
3 4
14 6
56 4
80 4
63 4
37 1
52 9
16 4
55 7
19 7
87 7
87 10
3 9
67 6
5 7
2 2
33 7
65 3
3 5
85 4
26 7
61 3
33 7
95 5
79 6
77 5
10 5
91 9
7 7
10 6
62 10
73 4
76 4
27 7
50 3
65 8
63 6
85 6
37 10
65 6
33 3
68 10
65 3
49 1
44 1
3 4
50 10
84 5
78 4
54 6
76 8
8 7
29 10
18 7
71 5
78 4
12 3
8 1
32 5
12 9
44 3
67 1
36 7
76 10
62 3
88 1
26 9
29 8
28 3
8 8
59 9
38 1
6 9
12 8
12 3
87 8
13 2
47 9
66 4
36 4
61 8
68 10
98 7
13 3
76 10
57 3
38 4
7 2
10 7
93 4
26 6
34 5
73 2
52 10
41 1
78 3
49 3
48 9
29 2
33 7
64 9
75 4
92 8
92 8
89 10
21 6
47 3
62 8
53 3
2 6
73 5
34 6
55 9
99 10
47 8
50 1
48 1
68 8
45 8
29 10
61 7
45 3
8 2
96 9
58 9
48 8
84 5
34 7
21 1
84 9
6 10
5 8
82 10
77 9
6 2
17 1
37 1
26 2
88 8
15 8
10 1
40 6
82 7
84 5
56 7
10 8
23 2
32 7
24 1
82 5
96 10
48 7
1 7
31 6
15 8
26 2
10 4
70 8
89 7
9 8
85 7
27 8
93 4
42 5
68 1
22 1
2 10
31 9
99 2
19 9
27 4
42 6
43 2
29 3
72 3
21 7
27 3
63 2
16 6
85 5
96 8
100 1
54 4
68 5
18 7
92 5
36 4
72 5
64 6
21 9
53 2
57 6
51 4
22 4
77 9
24 5
8 7
31 1
64 7
81 8
26 3
90 3
18 4
70 9
3 10
90 10
54 10
46 7
50 9
27 2
99 1
11 2
28 9
9 9
69 1
95 4
45 7
3 2
36 10
34 10
83 6
49 3
42 1
11 10
10 10
59 9
84 10
53 10
99 7
74 4
78 3
100 5
96 4
68 4
48 4
19 9
18 4
81 2
43 4
27 9
61 6
28 9
6 9
21 9
17 7
96 6
61 4
68 4
59 4
15 9
95 9
22 1
52 4
75 5
45 7
64 8
41 4
100 2
39 9
41 3
40 7
28 1
35 6
55 10
76 5
48 10
10 10
27 6
48 9
27 1
88 6
34 4
15 9
15 10
46 1
76 9
28 7
66 7
61 10
88 4
73 9
13 7
100 4
43 9
57 7
29 1
41 2
92 2
95 1
85 5
100 8
100 10
94 8
90 9
49 4
27 9
37 9
64 10
13 4
56 2
56 8
59 10
80 10
60 2
18 5
35 10
66 5
48 9
50 6
33 5
23 4
74 1
59 1
73 1
75 1
53 8
49 6
20 9
41 5
75 3
100 4
39 3
45 3
11 4
55 7
54 3
79 5
89 10
9 7
26 10
5 3
84 10
8 10
93 1
24 3
81 4
42 1
3 4
23 2
89 3
97 1
37 4
55 1
73 3
3 10
26 5
84 8
96 9
16 9
36 7
63 10
65 10
71 10
98 5
6 8
94 5
83 8
57 1
10 10
83 8
28 7
39 2
94 1
97 2
78 10
62 5
51 2
82 3
36 9
77 1
43 2
30 10
53 10
16 5
21 8
46 7
78 2
41 9
76 3
45 6
8 6
59 3
45 2
22 10
98 1
10 4
17 2
14 6
64 4
97 5
84 2
74 10
50 2
90 1
28 1
98 5
90 4
25 3
43 6
64 10
30 2
14 5
97 5
4 5
96 2
70 8
70 5
64 5
18 10
6 1
87 1
59 7
4 8
93 7
53 10
34 8
53 9
8 2
26 1
61 6
74 8
23 7
8 2
51 9
39 8
95 5
77 5
86 5
24 5
77 8
9 8
4 2
55 10
21 5
59 3
26 9
52 9
31 2
22 8
28 6
45 8
91 6
39 6
54 7
80 4
87 8
84 8
8 2
77 1
1 7
40 7
16 5
63 1
62 8
17 8
66 7
65 1
92 2
53 10
83 7
26 7
90 6
54 3
68 3
83 8
3 1
16 2
70 4
94 5
61 5
64 10
7 1
7 3
38 4
30 9
62 3
2 7
99 9
35 1
74 9
20 1
99 2
97 4
88 3
22 8
84 3
77 10
63 6
2 5
100 1
49 4
72 5
21 8
90 4
6 7
3 2
66 8
56 5
68 3
19 2
51 1
93 9
80 10
83 1
31 2
75 7
14 5
38 5
67 9
49 6
11 6
28 6
17 4
33 3
62 9
54 3
85 4
24 9
89 3
42 10
4 2
81 4
78 9
63 5
94 2
24 9
33 5
94 6
49 3
34 10
94 1
28 6
41 5
86 10
81 9
36 10
48 7
83 1
48 4
81 10
51 8
56 3
57 10
92 1
95 2
45 4
96 4
1 10
74 5
84 3
1 5
83 4
62 8
17 9
45 9
13 3
73 10
31 10
70 10
79 8
73 8
47 9
95 4
51 8
77 6
49 3
38 8
26 10
91 4
51 3
82 8
80 4
68 8
5 8
5 8
71 10
17 5
45 3
8 10
16 6
25 3
77 8
82 4
21 2
9 8
16 4
29 7
80 9
50 6
43 4
14 1
55 8
92 5
43 4
40 2
89 7
74 4
85 9
8 5
41 2
91 5
85 4
20 8
81 9
90 8
32 5
45 4
52 9
71 3
75 7
33 8
93 10
70 5
41 5
94 4
84 2
41 3
64 5
78 4
21 6
38 7
82 8
73 9
31 2
39 2
74 8
52 7
84 10
18 4
45 8
71 9
73 2
4 1
14 4
75 1
56 1
51 4
6 9
92 5
50 1
89 4
32 6
97 6
12 3
95 7
97 10
84 2
1 1
34 6
68 5
76 4
33 5
16 5
79 3
65 8
89 6
79 3
19 4
8 9
51 3
1 2
81 3
93 4
88 1
24 9
51 4
5 5
83 4
10 2
69 2
92 6
33 2
24 5
86 10
7 7
46 9
74 3
51 5
50 7
51 3
73 7
69 2
78 10
87 6
40 2
58 3
13 2
45 3
13 6
4 5
15 1
37 4
91 1
38 4
5 5
12 6
16 2
9 2
20 3
72 7
45 5
65 10
4 6
12 4
22 1
26 10
32 8
2 9
46 1
60 1
12 8
1 9
95 2
40 1
90 7
44 3
2 6
6 1
2 9
74 10
3 10
13 7
8 10
55 6
22 7
51 4
51 5
19 3
88 9
83 3
16 5
18 5
47 10
86 5
77 5
46 5
94 6
33 8
72 10
80 9
91 6
32 2
41 5
60 4
56 3
44 10
55 2
99 2
24 2
87 4
45 5
66 6
67 9
94 9
25 8
76 8
98 6
70 3
42 7
23 2
1 9
77 8
26 7
89 5
2 1
74 8
94 9
95 9
31 8
10 1
97 5
93 9
88 8
52 6
12 10
85 7
51 4
69 4
53 2
46 5
50 3
20 3
82 6
98 1
97 10
56 3
70 1
12 10
5 6
11 2
79 10
30 5
63 4
90 3
57 8
53 2
64 10
25 1
53 5
5 4
56 8
70 1
80 2
60 9
100 8
5 9
70 10
54 3
97 4
45 3
58 10
13 4
64 10
48 9
84 9
39 2
43 4
63 3
53 2
85 4
87 9
3 4
73 3
4 6
37 4
85 9
4 9
24 7
68 9
61 6
42 3
44 4
52 9
40 2
51 7
69 6
5 7
99 6
50 2
19 3
24 6
48 4
47 9
71 10
36 5
87 1
32 5
23 5
18 3
26 8
76 9
16 8
70 5
52 4
23 7
19 9
55 8
23 5
23 2
54 3
4 3
84 10
1 7
29 1
63 3
84 7
86 1
64 9
30 9
54 8
51 6
43 6
97 1
66 7
10 7
71 2
8 7
100 2
36 2
83 5
33 2
4 2
85 10
62 5
77 10
87 9
24 8
54 3
57 2
26 10
58 6
79 4
94 7
61 10
42 5
48 2
20 2
34 4
12 4
81 9
46 5
21 5
59 7
63 4
42 8
43 2
11 8
37 7
66 3
81 10
77 10
55 5
41 6
13 2
27 3
48 6
78 4
26 9
79 8
41 4
85 3
80 5
68 9
87 9
66 1
66 7
33 4
62 5
16 5
26 8
22 8
32 1
8 1
53 3
65 9
82 9
68 8
51 1
71 7
30 4
53 10
44 4
35 2
15 7
88 5
60 6
97 4
54 7
74 1
83 5
33 2
59 4
29 2
51 3
51 10
41 8
6 7
29 5
60 8
21 2
45 9
33 7
19 1
60 5
23 2
11 1
58 5
18 2
70 8
1 9
91 1
81 5
74 5
21 6
73 4
93 6
32 8
59 10
5 8
31 9
26 8
77 4
9 1
66 8
4 8
32 9
2 8
1 5
45 4
92 3
59 9
56 6
51 8
39 1
5 2
60 3
8 10
4 8
57 5
44 8
30 6
3 10
70 6
58 10
44 6
20 1
84 3
64 10
12 9
55 4
94 4
44 1
52 2
21 3
79 10
93 4
39 5
68 4
39 7
5 6
16 5
72 8
66 7
53 1
18 6
83 7
38 10
14 3
74 1
47 3
40 5
69 4
56 6
98 4
52 6
39 6
27 6
27 6
78 9
90 10
15 4
83 5
72 1
19 1
36 5
58 6
17 10
96 1
12 2
74 1
4 8
9 6
28 1
31 1
42 8
14 8
13 6
69 8
45 9
3 2
12 10
63 4
40 6
74 6
95 1
14 7
14 5
59 5
65 7
100 8
20 4
83 6
78 9
98 3
33 2
24 1
73 9
8 5
42 7
71 8
15 3
20 6
76 6
48 2
68 4
32 3
5 6
60 1
90 8
43 2
90 5
24 10
100 4
47 10
73 8
78 2
