100 18
1301 900
20 13
70 4
90 8
55 10
55 2
59 18
64 18
50 7
46 14
51 15
43 17
98 15
41 15
30 12
14 7
51 17
21 6
69 8
98 14
93 10
46 2
54 15
7 7
87 13
22 12
73 3
29 16
13 6
60 9
81 16
72 11
99 3
98 8
65 2
33 11
97 5
65 8
11 10
8 1
86 6
2 14
56 10
72 11
68 13
3 6
99 16
12 5
81 4
51 9
39 14
62 5
4 8
36 16
54 9
47 17
23 5
12 18
26 4
53 11
60 6
32 18
36 12
79 14
19 5
38 16
1 3
3 18
29 18
34 14
90 9
45 6
48 5
36 11
69 8
96 1
16 1
68 13
24 15
43 13
47 2
41 4
25 6
18 6
98 13
42 7
48 1
19 18
20 3
46 8
41 10
74 13
45 1
92 2
48 12
27 6
100 8
27 12
73 2
26 10
31 2
63 18
8 7
58 16
56 3
19 8
100 16
78 5
3 12
23 16
6 16
53 14
22 5
33 11
15 17
76 13
16 15
7 12
49 14
32 8
84 4
32 8
56 10
75 1
20 14
28 8
56 5
58 6
41 8
82 9
63 1
15 3
14 3
10 11
63 17
10 14
61 17
38 11
83 8
48 11
86 1
75 12
16 17
40 1
96 15
55 16
9 9
91 14
58 5
79 12
81 5
41 15
14 8
22 8
56 3
4 2
18 8
23 13
41 1
80 1
70 10
50 15
26 11
90 14
2 11
57 18
45 18
60 3
11 15
3 16
45 3
55 13
65 5
58 17
25 5
100 16
31 14
79 15
37 3
45 7
81 4
3 11
48 5
32 9
68 16
31 14
79 11
49 11
80 8
95 11
7 11
62 18
100 14
8 16
43 7
89 9
22 2
45 8
76 2
42 14
91 10
82 18
95 6
30 7
42 7
57 11
76 5
39 10
96 9
5 8
60 16
84 18
89 18
29 2
84 2
6 2
17 15
92 6
73 1
80 17
13 6
92 3
21 16
60 17
64 17
9 14
2 2
92 6
46 17
47 10
58 2
31 8
48 17
18 9
58 3
39 9
78 17
70 1
32 18
59 2
47 7
96 14
26 17
35 18
64 2
31 2
99 6
45 9
3 15
10 1
95 3
76 14
9 13
10 12
23 10
18 11
43 6
36 9
45 16
23 5
67 1
46 2
89 16
90 12
89 12
3 5
20 13
94 13
33 4
42 16
70 12
44 16
59 5
93 8
30 4
21 3
51 5
97 15
58 17
66 8
8 16
75 9
5 5
53 1
21 7
75 17
87 7
22 18
65 6
10 5
30 12
43 17
53 9
37 6
7 10
1 18
7 6
67 6
56 16
83 2
98 14
52 16
52 14
76 18
45 6
22 15
49 15
28 10
59 2
34 1
57 12
88 5
79 7
20 17
69 12
59 16
94 6
55 12
93 5
10 2
8 14
53 11
64 4
6 15
1 17
48 18
51 17
51 4
17 18
60 12
94 11
37 8
56 3
98 3
60 9
56 17
77 5
70 15
91 15
45 1
16 10
9 16
75 15
9 12
25 17
56 4
5 5
18 12
47 15
47 12
76 4
46 5
26 9
73 11
79 8
4 8
55 11
91 1
59 12
11 7
82 17
78 15
29 16
8 4
6 3
58 12
72 2
8 15
25 11
26 11
53 13
36 13
33 13
91 9
81 4
35 6
1 13
46 17
41 10
25 8
73 17
21 1
9 18
34 15
9 14
55 9
78 15
95 6
13 15
21 9
94 11
54 5
70 6
36 15
75 15
66 8
70 14
78 8
32 4
80 7
21 18
36 16
82 10
7 16
18 10
2 5
86 2
70 16
56 12
16 15
89 17
60 1
47 18
31 18
83 7
9 4
11 18
26 11
64 6
83 12
37 10
43 2
14 6
98 17
19 16
81 12
96 4
88 18
41 16
73 10
56 4
97 4
40 9
34 12
22 12
61 8
79 5
21 15
95 7
87 18
37 18
61 15
19 1
91 18
15 14
98 18
14 2
15 4
69 8
10 14
64 13
55 1
83 18
2 12
99 14
99 5
63 17
1 9
62 2
93 12
56 16
17 16
98 18
61 1
49 18
27 17
58 11
6 15
56 12
54 12
61 6
93 12
16 5
88 6
63 5
47 8
65 13
99 8
83 15
3 7
83 11
12 10
89 15
25 1
45 16
72 15
19 4
96 9
36 16
69 14
15 7
84 7
76 1
86 11
12 15
7 16
46 14
96 7
85 13
75 15
61 4
21 3
77 2
89 14
2 14
95 11
24 11
11 10
48 11
75 11
21 3
18 7
25 10
81 2
65 9
21 10
27 9
7 3
51 11
23 13
86 9
93 10
41 8
23 6
6 7
75 3
43 4
4 8
7 18
78 7
24 10
96 15
9 10
43 17
19 17
100 12
31 1
23 10
6 8
37 2
52 2
12 17
60 6
97 17
99 12
19 8
82 6
4 1
16 13
10 10
80 17
26 1
77 13
68 6
80 6
99 5
91 13
26 4
92 10
51 15
40 16
56 10
47 14
7 4
91 8
10 10
7 10
59 12
76 8
23 9
37 1
32 7
21 1
68 18
13 10
45 18
19 14
1 2
16 8
61 1
13 17
48 5
81 12
67 8
22 2
7 18
91 6
75 8
63 3
33 16
90 8
87 10
73 15
16 4
74 6
16 8
31 17
59 13
17 10
59 18
65 3
12 4
95 1
85 14
59 14
97 7
11 11
80 13
79 10
33 15
71 13
59 9
58 6
21 17
91 16
71 4
10 2
95 14
23 15
67 17
58 17
46 7
31 11
20 9
63 12
23 7
58 14
33 8
46 14
98 7
20 5
77 1
34 10
25 12
9 11
57 17
55 12
75 13
31 1
3 7
98 15
41 17
82 14
2 12
49 4
78 5
54 9
31 8
58 5
64 18
82 18
88 8
88 10
48 8
61 14
68 3
6 17
84 5
22 4
38 18
98 5
61 10
86 4
20 13
18 10
69 4
30 15
61 6
79 15
52 9
39 8
71 16
41 15
42 6
73 17
71 10
72 18
53 18
71 1
54 13
56 11
48 9
21 4
60 16
50 16
8 7
42 14
35 1
95 7
76 16
92 12
38 10
40 4
45 11
53 17
40 3
16 13
7 14
2 13
93 3
19 6
82 2
27 15
93 9
87 2
11 18
86 12
50 7
83 4
93 15
48 2
7 15
14 16
19 18
80 14
64 13
68 15
68 3
44 17
80 12
71 2
4 3
96 12
11 14
92 5
22 18
34 14
66 1
34 16
51 16
52 6
99 7
47 5
27 8
72 6
61 12
64 4
31 7
46 5
92 10
29 5
83 15
30 16
94 18
60 13
49 11
87 7
62 1
95 12
71 1
14 9
29 5
11 1
99 15
97 12
88 9
43 2
52 4
42 13
98 13
25 5
40 17
51 13
29 17
80 13
95 1
26 17
30 16
70 7
61 10
91 16
91 15
11 10
65 14
44 2
29 11
1 3
86 14
66 1
19 9
87 1
69 17
55 12
66 12
60 9
40 11
59 17
59 12
83 15
47 13
25 18
47 7
94 4
66 9
64 7
34 3
65 11
18 11
38 8
16 12
7 16
65 7
43 12
73 1
27 1
56 3
90 11
89 11
2 8
92 3
91 4
15 7
6 8
53 14
43 15
54 12
6 11
4 10
5 16
49 4
41 12
44 4
6 9
23 4
18 18
28 7
42 6
48 5
29 12
49 16
89 18
3 16
15 13
77 17
38 11
60 16
67 4
15 1
48 8
70 10
19 17
28 8
46 6
55 1
17 16
32 4
76 13
45 12
28 1
32 15
98 13
68 7
34 16
2 2
57 8
30 3
53 3
77 18
44 15
41 12
39 1
76 14
92 17
27 6
30 2
20 17
96 8
80 12
66 15
35 11
99 8
98 3
83 15
76 16
72 4
50 7
19 12
26 17
72 6
46 9
76 15
30 4
23 11
42 1
46 6
51 3
41 3
44 10
47 16
12 7
87 9
37 3
83 15
50 17
36 1
71 2
5 17
14 12
33 3
78 16
71 13
3 12
1 15
52 13
17 4
52 5
83 8
93 11
94 9
42 14
76 5
14 14
93 16
52 12
95 12
69 13
81 2
78 10
37 17
74 1
73 14
42 16
62 3
100 9
6 11
15 11
99 1
35 17
65 11
95 4
61 12
100 18
88 9
59 4
34 2
47 6
26 13
81 14
15 3
91 4
40 6
50 6
15 13
18 7
12 4
80 11
67 15
53 17
33 17
91 17
77 13
68 6
56 2
64 12
98 6
90 3
78 1
31 15
58 15
74 5
40 1
34 1
11 1
11 8
53 10
12 8
13 3
36 15
66 12
17 15
4 6
23 11
54 10
51 10
5 7
94 16
73 3
81 16
67 1
99 3
57 10
26 3
36 12
12 3
47 17
23 14
32 11
56 4
11 14
28 18
41 12
10 12
60 13
66 4
73 2
42 2
93 5
17 15
26 18
100 16
11 3
75 3
76 3
26 9
82 4
18 9
36 3
14 17
35 2
17 15
45 1
91 12
37 8
4 2
51 7
47 10
63 10
62 9
63 4
5 18
58 5
78 3
95 2
71 10
53 13
61 5
54 7
52 14
11 9
91 4
52 11
87 12
72 13
11 6
70 15
12 13
86 14
29 5
41 2
91 15
34 7
42 13
49 8
71 10
84 5
65 13
58 18
80 11
64 2
10 9
94 8
19 4
58 17
67 3
90 7
1 9
84 9
36 17
46 12
28 16
27 9
7 7
86 18
56 6
90 14
60 3
67 7
13 17
14 12
90 17
38 11
87 8
31 9
58 7
94 12
86 3
54 12
73 2
97 12
86 5
29 9
13 5
84 17
78 9
5 6
23 13
100 5
60 6
74 8
98 13
1 2
9 13
76 2
19 11
91 1
71 5
66 3
62 13
33 18
63 7
36 1
10 3
78 15
83 11
55 1
42 18
14 14
63 4
58 5
48 17
93 6
73 11
86 14
24 18
23 16
75 7
84 6
86 6
53 5
19 8
56 7
66 11
49 12
66 11
73 12
63 11
100 7
98 17
92 4
59 12
91 16
43 16
24 8
83 18
85 1
68 7
43 2
96 8
27 14
53 8
47 15
79 8
15 15
7 2
73 17
15 1
85 8
78 9
58 5
52 15
89 14
55 7
100 2
71 11
27 14
62 17
3 5
79 17
99 11
1 14
1 17
65 13
23 16
52 5
31 3
69 11
54 6
67 2
33 15
82 9
18 12
59 10
54 3
15 14
54 12
41 1
3 4
23 8
74 10
8 6
90 18
34 1
39 11
23 8
85 5
5 16
37 12
7 12
6 7
73 18
84 2
18 3
78 15
22 3
33 6
38 10
84 4
18 16
32 6
69 6
63 12
61 12
43 13
83 2
14 9
80 11
48 17
16 17
46 8
32 11
43 12
89 18
49 13
52 17
39 3
2 12
60 17
76 11
24 3
70 11
75 15
40 7
97 9
12 6
39 3
92 11
89 10
76 6
45 2
39 15
65 14
52 6
21 17
9 4
91 3
99 5
35 8
90 5
57 1
79 2
89 8
15 18
46 14
56 5
19 9
90 16
47 2
20 14
9 3
63 10
39 3
13 12
81 10
57 7
14 12
50 2
6 12
2 2
77 7
2 2
20 11
67 16
85 16
37 16
24 5
100 6
13 13
14 8
42 3
23 8
96 3
56 13
11 2
47 10
90 16
27 6
92 3
48 3
20 15
87 5
76 12
74 9
61 15
97 2
49 10
90 5
97 15
62 16
87 4
14 16
49 12
29 14
60 3
24 7
24 2
33 16
12 12
2 17
50 6
75 8
36 17
11 10
84 5
84 10
93 8
4 1
29 11
44 12
77 14
57 7
66 6
21 4
100 6
81 7
97 17
57 3
56 5
94 15
12 17
9 14
14 14
40 14
63 16
30 6
71 5
54 14
71 1
76 2
73 11
82 6
52 5
25 14
84 18
9 2
57 3
25 10
9 11
30 15
59 13
20 3
79 9
21 10
7 4
48 18
69 6
67 1
34 7
16 15
93 10
23 1
85 6
76 10
77 14
71 16
70 9
100 14
42 13
47 1
86 10
12 16
69 9
61 9
4 9
23 10
57 12
54 17
19 11
76 16
47 12
71 10
27 9
48 11
35 14
91 14
27 11
22 7
100 11
4 12
48 8
59 8
2 8
14 17
90 2
41 6
51 4
10 18
68 4
67 5
63 14
64 13
59 4
18 9
17 4
89 8
68 16
72 1
41 17
65 8
15 16
43 10
1 8
31 15
38 15
37 7
10 18
7 7
53 1
79 18
5 14
93 5
68 4
42 15
90 8
69 7
17 12
20 5
76 9
8 14
31 7
74 3
41 13
49 4
97 15
94 4
67 3
19 14
89 17
11 7
19 9
81 2
30 16
34 15
49 2
86 12
25 15
35 11
86 12
39 10
25 18
20 6
25 4
23 9
61 16
78 14
21 3
75 15
20 2
49 17
94 17
9 11
89 18
41 1
23 11
8 7
49 17
39 18
6 18
68 3
35 12
71 10
31 17
64 12
15 17
99 2
59 17
22 12
28 16
20 18
53 18
5 11
73 10
27 10
52 15
16 2
92 8
59 7
54 9
3 17
56 7
68 13
75 15
14 10
78 3
66 14
50 5
83 13
77 11
67 16
67 4
97 4
12 16
13 3
84 18
41 4
13 18
77 1
99 6
15 7
72 4
53 9
11 10
29 4
54 7
59 10
60 8
77 15
47 8
88 13
93 9
95 3
87 9
12 18
88 1
49 1
85 17
58 5
93 3
85 11
98 1
12 9
41 6
71 16
12 2
47 1
42 9
34 14
82 4
35 4
58 11
67 7
46 7
26 7
72 5
58 14
4 1
5 7
95 5
87 15
32 1
74 14
99 1
25 3
49 11
43 13
81 11
32 13
10 1
83 1
31 15
100 11
65 5
88 4
32 10
61 1
17 9
66 14
70 3
22 15
94 12
96 10
33 15
41 4
84 4
45 2
94 4
70 12
67 14
62 4
67 8
10 7
60 17
22 11
18 9
12 1
56 7
47 15
4 18
18 3
91 17
3 7
41 2
77 2
55 16
54 15
60 17
48 9
29 5
83 4
59 11
9 4
81 2
33 13
68 6
75 6
71 18
81 10
41 13
88 2
89 18
98 13
66 9
6 8
31 6
50 16
86 17
40 5
68 8
95 17
44 11
68 3
23 9
86 1
41 4
79 12
95 5
82 9
6 1
58 15
13 2
5 6
17 9
34 14
10 9
46 15
75 1
7 15
2 2
33 6
79 12
8 9
2 15
6 5
70 1
5 6
45 6
29 13
35 11
74 18
8 13
23 11
28 7
65 3
70 5
86 9
11 12
45 11
82 13
45 7
92 3
10 17
77 10
27 1
73 1
84 1
13 11
47 1
99 7
19 13
21 4
34 3
49 15
15 16
11 10
5 13
57 16
47 18
98 8
78 13
37 1
71 2
29 8
87 2
75 18
66 4
95 6
43 9
37 2
29 14
3 8
87 7
72 7
20 10
61 10
44 7
18 2
81 8
6 17
64 17
69 3
46 8
52 16
4 15
38 11
17 15
46 11
54 6
70 3
100 4
40 4
56 15
88 1
14 12
92 17
91 9
87 15
86 12
99 10
17 7
4 1
53 2
43 10
45 1
100 6
56 11
22 11
78 12
98 5
85 3
65 4
25 9
56 6
68 18
22 13
73 14
69 10
84 7
74 3
51 18
97 8
56 2
30 7
47 7
12 4
43 8
10 8
98 1
65 8
20 3
57 1
8 10
5 12
12 1
25 14
32 1
82 8
45 15
100 8
45 16
61 10
73 12
43 10
73 16
79 1
93 15
46 14
38 10
97 12
81 8
14 10
27 2
80 12
18 10
45 12
64 13
52 7
39 10
45 6
34 5
38 16
76 14
37 6
72 3
84 5
39 8
20 13
55 10
81 11
87 17
81 5
11 9
55 12
90 14
66 10
10 9
66 11
79 2
8 9
60 2
47 6
51 13
4 7
48 5
23 9
97 9
27 4
38 13
30 13
99 2
28 1
77 5
10 18
94 2
36 2
4 2
10 7
34 5
64 16
92 12
34 5
35 2
17 1
3 16
25 13
3 18
33 3
91 17
94 5
35 2
100 16
68 12
27 8
2 9
60 3
42 17
67 13
83 4
67 4
11 14
19 1
40 13
15 18
52 1
58 9
93 17
4 6
12 8
46 7
58 12
90 9
32 6
86 10
41 6
93 4
42 1
57 12
57 11
35 6
21 18
8 5
12 15
62 11
49 18
90 8
73 17
88 16
43 1
45 12
35 9
85 1
12 15
12 8
94 15
47 8
29 7
67 18
84 15
80 8
79 2
66 7
41 15
77 10
12 3
41 7
8 3
28 14
96 13
71 1
32 6
41 11
57 5
16 7
72 10
50 5
3 4
20 13
53 1
24 17
16 4
84 16
33 18
68 7
90 17
77 4
82 11
7 17
85 2
67 18
70 4
11 6
53 2
56 8
24 3
36 8
36 7
12 17
88 1
31 16
14 6
88 13
74 15
29 1
80 7
79 14
10 16
6 8
56 6
83 3
32 9
15 3
52 15
92 14
11 6
67 4
34 4
94 9
43 1
40 15
71 18
25 17
32 7
77 5
46 3
56 11
1 17
16 11
23 18
49 9
17 12
72 9
64 8
73 14
51 1
53 6
95 6
9 16
94 8
22 17
15 13
46 15
90 6
11 10
24 10
69 18
34 14
94 11
75 9
16 6
59 13
47 11
45 18
58 1
89 18
40 4
4 13
73 18
12 15
98 3
81 10
65 5
97 4
8 8
2 13
47 6
18 10
81 3
26 16
19 2
6 2
62 5
45 5
14 5
88 4
5 7
75 15
87 7
97 13
10 16
33 18
8 1
97 5
16 14
19 9
95 13
5 13
7 8
34 13
31 6
17 2
49 4
40 4
66 10
97 5
75 15
55 11
1 1
45 12
21 17
15 5
74 4
36 1
97 18
72 7
67 10
13 17
62 11
22 16
9 10
79 6
22 6
89 12
65 8
98 7
88 8
42 5
34 7
61 15
39 4
58 14
62 16
33 5
78 13
52 1
53 11
91 1
77 17
30 12
5 16
61 7
17 1
1 6
44 14
16 12
36 2
89 4
71 13
81 1
12 17
62 10
17 6
91 5
44 2
67 15
85 16
71 8
37 12
47 12
41 4
35 7
72 8
40 8
58 11
31 7
93 7
14 6
4 1
50 17
43 10
84 3
65 16
27 15
26 6
50 4
86 7
31 17
59 11
15 4
20 8
29 6
72 1
34 1
32 4
69 11
26 16
61 4
32 14
71 17
93 14
42 15
7 17
87 2
78 14
79 18
53 6
6 6
91 13
32 17
91 15
33 16
74 11
61 5
89 15
38 5
13 7
60 2
75 15
19 13
99 8
30 10
73 7
83 3
91 5
43 11
31 10
80 16
72 16
38 15
86 18
67 9
86 13
73 10
69 2
13 1
39 5
26 11
91 7
97 4
95 9
84 8
75 1
19 17
43 4
6 15
96 6
42 4
70 1
69 9
99 10
39 6
83 3
34 1
14 1
73 5
15 3
23 4
27 8
100 2
44 17
38 5
34 4
53 15
66 6
4 11
8 14
40 12
84 16
3 16
84 12
87 15
95 16
36 15
33 2
98 2
95 5
31 4
60 11
10 1
73 13
24 17
65 9
11 6
22 17
91 1
13 7
15 16
36 12
52 6
83 10
80 4
37 3
100 1
38 18
87 1
79 17
8 4
83 7
24 7
19 4
35 1
60 9
82 13
70 1
4 4
78 5
38 16
43 13
29 2
38 8
13 9
59 4
3 7
9 10
90 9
