100 30
900 1083
26 22
1 6
59 4
93 9
14 27
30 19
53 11
75 9
87 10
27 6
40 15
47 10
15 29
89 12
12 7
53 12
58 6
30 3
45 2
23 6
71 28
66 15
95 15
71 18
80 26
75 28
9 14
87 16
28 30
71 24
42 18
78 7
18 14
37 19
34 29
92 13
12 24
99 30
20 3
35 27
55 23
43 6
5 22
29 18
47 2
37 4
3 21
89 9
19 27
95 2
69 29
86 16
95 26
13 6
44 22
78 25
22 12
53 26
8 24
28 2
2 27
81 15
38 19
30 15
2 21
36 14
51 19
9 17
76 30
77 13
94 12
5 16
80 13
60 18
13 17
99 24
23 27
22 5
24 11
15 24
86 2
82 20
87 13
53 24
33 5
81 14
30 30
47 12
58 4
11 4
53 16
10 3
19 23
90 2
80 30
47 25
81 1
96 23
8 5
58 16
45 22
84 3
53 16
62 27
49 6
94 24
89 14
28 17
75 9
51 1
38 16
87 5
88 1
91 22
74 28
74 27
23 21
52 18
17 12
78 25
26 24
65 29
65 23
77 29
61 3
25 30
47 22
89 15
40 9
39 29
87 7
33 8
81 29
23 26
15 11
55 14
10 23
35 1
19 2
21 15
84 22
85 2
50 21
24 30
61 19
45 22
73 21
3 1
43 29
42 23
76 5
44 13
30 17
34 12
65 28
51 13
51 9
47 23
81 17
65 3
23 15
99 19
69 13
88 30
34 2
35 24
51 6
29 28
71 5
12 2
5 15
49 6
9 25
49 28
95 15
73 28
68 22
84 19
60 21
10 12
79 14
81 2
50 24
20 16
29 14
98 7
75 19
21 3
22 12
26 22
81 24
28 9
64 19
26 25
83 16
100 5
75 18
26 7
65 1
48 17
30 13
99 2
98 2
41 12
21 14
61 22
12 11
42 7
77 23
30 17
63 26
40 11
80 5
27 27
78 18
46 20
51 23
11 10
100 11
94 21
94 10
28 29
15 26
21 20
95 5
70 9
36 25
96 13
44 30
5 14
90 18
92 6
20 4
24 7
27 30
82 20
86 8
24 19
35 22
54 27
67 19
37 5
76 9
37 19
33 19
30 8
37 29
48 28
62 2
87 9
77 2
61 14
27 24
29 21
59 5
77 8
48 24
47 7
58 5
76 6
89 26
14 11
33 4
75 3
49 30
5 10
100 25
52 26
32 10
55 14
28 30
81 26
11 22
74 11
23 8
54 19
31 14
86 17
17 9
67 22
45 8
66 16
39 1
84 28
73 4
23 17
77 30
68 23
89 26
9 9
6 8
58 5
17 2
56 6
50 20
87 24
48 24
27 20
21 21
29 23
10 27
22 22
23 1
87 30
35 25
75 7
26 10
87 10
89 18
82 7
70 16
13 14
21 2
18 29
78 24
80 6
50 30
51 26
95 9
12 1
64 10
37 28
56 26
100 19
79 19
9 14
47 22
87 28
2 4
15 12
81 11
9 3
68 20
25 29
57 15
80 17
78 20
13 13
59 18
86 4
37 24
76 22
19 19
55 2
5 23
62 4
97 4
40 5
3 9
54 20
13 28
9 25
88 23
78 4
49 28
27 25
89 30
39 17
51 25
70 19
69 14
73 19
21 26
76 7
52 29
55 12
61 14
70 29
32 21
20 23
85 2
18 3
41 22
11 14
47 1
31 17
38 20
19 2
12 29
91 12
98 26
68 9
65 3
49 14
29 18
13 28
24 16
96 15
8 15
99 2
47 2
90 3
16 30
46 20
100 13
56 4
90 2
72 12
30 20
28 8
56 4
80 10
55 7
100 22
44 20
95 7
90 16
11 5
2 22
42 29
31 11
14 21
95 15
62 15
34 3
6 21
10 15
35 9
88 17
54 28
95 5
3 30
23 13
99 12
99 4
6 29
14 8
17 17
8 9
65 25
67 19
31 2
38 20
96 28
95 12
8 9
98 3
9 6
99 26
66 11
40 24
68 29
18 2
78 12
60 14
54 1
82 11
96 14
15 23
86 18
14 12
16 19
25 5
91 14
71 9
48 1
80 19
29 2
41 21
26 21
16 15
32 7
34 6
9 27
44 17
72 3
57 21
36 29
63 29
81 9
29 12
83 25
24 28
84 15
41 10
24 1
62 8
60 30
86 11
84 16
42 8
45 16
45 17
28 19
5 8
6 7
95 24
8 25
46 28
13 9
56 18
99 27
16 26
19 1
41 22
8 28
48 16
21 2
29 17
20 17
71 16
25 5
63 14
10 23
74 11
32 4
78 1
20 21
87 7
11 23
37 14
37 3
68 15
20 28
98 8
51 10
6 15
16 8
18 5
6 12
16 2
23 8
62 24
93 28
69 23
87 24
2 12
9 22
26 5
8 23
82 7
31 14
11 12
8 10
86 20
32 18
15 6
100 10
46 25
51 3
60 13
83 13
21 23
73 23
13 24
6 1
47 26
11 15
31 10
38 18
92 21
21 1
59 9
65 8
55 10
88 17
24 12
25 26
74 23
89 2
85 16
12 3
16 13
28 6
5 4
94 25
6 29
2 1
14 14
5 11
59 18
78 21
23 27
85 15
54 24
59 3
71 22
74 1
99 12
72 24
37 22
19 19
41 14
43 7
92 3
48 18
1 15
42 9
86 26
81 22
36 10
30 19
45 25
36 6
15 11
75 13
1 27
6 17
74 5
88 10
99 16
38 29
17 2
70 10
30 10
69 2
4 7
82 30
33 26
94 16
87 22
83 2
34 6
8 22
17 25
17 4
63 8
99 22
90 22
6 1
64 14
90 26
64 23
60 29
29 22
68 2
93 4
98 24
25 4
34 5
81 21
52 13
24 22
69 28
12 24
50 25
37 4
83 6
75 20
51 15
4 16
26 16
50 17
78 9
4 14
53 13
17 15
7 8
1 8
34 1
17 5
7 20
35 5
62 28
8 18
26 23
79 19
93 22
18 16
33 22
77 3
5 28
38 20
51 9
8 17
66 22
47 22
24 27
29 5
64 30
16 24
79 18
85 25
21 5
40 7
71 25
20 3
68 1
77 30
9 10
58 4
26 12
82 3
19 27
46 13
30 4
49 27
6 20
36 7
79 17
79 15
32 23
18 23
59 25
47 26
97 9
42 6
77 9
47 16
14 1
40 3
27 25
74 6
42 19
85 25
83 25
50 15
75 1
7 10
45 23
28 26
19 7
39 18
51 21
37 16
2 21
29 21
33 4
90 29
19 8
63 9
74 11
14 7
84 28
36 20
96 7
31 13
12 1
82 28
22 9
20 24
7 23
9 20
34 21
14 5
48 24
79 30
41 13
3 28
63 27
25 7
49 7
26 6
19 8
26 26
63 3
42 19
46 24
100 14
57 20
77 23
19 3
21 21
88 1
25 29
98 20
49 17
35 19
67 25
3 10
38 10
58 4
91 10
61 6
22 5
25 5
84 1
89 24
90 27
28 27
91 29
27 30
91 12
57 14
77 26
43 4
96 8
19 15
15 13
85 9
82 25
73 2
65 22
6 26
64 14
7 24
52 1
63 29
66 11
15 15
31 10
89 20
14 17
36 1
18 1
50 6
16 6
99 19
54 13
74 14
69 10
34 4
8 5
100 7
27 12
99 22
28 3
69 2
99 8
96 16
94 18
100 19
27 18
11 15
18 13
27 16
10 17
57 21
96 5
61 13
65 29
59 29
85 1
37 15
82 9
20 11
21 18
29 28
18 26
25 15
71 7
52 25
50 30
26 5
9 28
14 5
45 7
72 11
56 10
36 21
9 13
90 4
38 15
90 7
10 1
27 9
35 16
45 2
87 1
8 2
63 5
67 29
70 2
99 28
48 27
94 13
16 1
1 8
56 1
43 27
42 5
97 27
34 22
78 10
75 26
88 8
84 4
82 24
4 19
91 25
9 29
31 15
48 3
68 4
87 12
34 27
56 9
54 22
79 6
26 25
89 15
14 22
79 26
56 15
20 24
16 3
2 5
59 27
70 6
52 17
2 13
65 5
36 22
37 20
85 20
70 14
24 16
17 26
46 16
69 30
6 29
73 25
54 18
83 26
83 13
23 16
23 28
39 13
61 25
38 21
14 26
58 27
58 1
31 7
86 2
71 9
7 21
23 29
38 3
84 23
99 27
12 2
16 11
60 24
25 4
35 10
100 29
32 1
77 22
78 17
43 18
42 14
43 25
85 17
76 29
15 14
86 18
70 9
20 29
70 9
9 21
74 26
74 17
58 20
91 5
6 6
65 24
16 1
71 23
43 8
45 26
87 28
45 22
32 20
55 3
18 5
16 27
96 1
9 6
6 6
25 1
97 26
72 10
63 14
62 26
85 17
12 5
40 14
78 12
81 2
46 1
47 3
98 18
81 15
61 11
64 16
75 27
97 30
9 9
7 14
64 15
48 15
15 1
97 7
10 23
16 3
4 12
24 1
72 9
69 1
57 13
28 16
5 19
41 23
66 13
97 7
12 7
74 30
64 6
62 8
14 12
15 27
46 18
16 1
50 14
10 18
28 23
97 4
34 24
6 29
36 10
90 21
19 17
99 21
9 25
88 23
97 18
83 20
90 18
44 15
47 24
53 1
89 17
55 18
83 18
59 26
85 8
71 5
57 25
34 6
91 11
58 29
5 20
41 13
49 25
23 3
38 29
74 29
39 22
22 13
90 28
82 26
85 23
3 1
82 14
60 28
94 4
3 8
67 7
27 11
20 28
48 23
65 15
40 8
100 5
26 26
98 27
98 10
24 7
100 25
96 17
30 1
55 13
8 15
10 2
90 14
62 24
88 14
91 28
75 21
41 29
44 18
15 10
52 27
8 20
80 26
53 15
6 21
53 5
51 15
40 20
73 26
73 21
98 24
68 22
7 4
57 7
13 4
28 23
74 1
97 1
35 16
86 9
50 29
21 7
53 7
53 26
51 3
13 25
54 22
19 25
64 5
43 13
91 25
94 8
28 11
41 20
61 9
49 15
19 11
79 27
22 9
78 24
68 5
85 16
39 16
39 30
24 17
44 13
40 8
72 20
64 16
20 4
26 4
67 19
22 27
56 22
70 6
24 10
62 8
4 3
30 5
8 23
15 4
47 1
35 22
57 24
67 10
11 9
48 2
29 22
6 30
89 30
63 24
78 21
1 18
9 9
56 29
9 1
48 3
69 13
2 25
12 8
58 9
82 1
13 11
81 30
2 8
15 23
72 12
75 4
53 8
79 14
68 10
48 14
10 30
46 12
18 11
30 11
2 15
65 5
66 27
62 3
98 27
3 19
89 19
50 20
56 26
92 11
19 15
53 3
78 6
34 19
68 1
29 9
98 17
17 18
94 30
47 9
85 8
81 10
71 26
48 2
85 5
57 26
36 24
52 1
32 21
29 26
41 1
23 17
73 29
50 23
49 5
68 27
64 15
70 28
96 8
11 30
72 4
9 5
30 5
44 27
34 2
6 14
77 19
62 26
66 11
65 9
15 16
50 8
41 6
5 6
1 3
81 20
88 10
25 15
8 12
80 15
36 28
70 23
25 15
98 30
85 24
35 16
14 18
52 26
29 7
32 14
87 4
57 20
21 17
82 5
22 5
32 13
27 6
13 5
1 14
17 27
62 6
9 29
91 8
3 10
34 25
42 15
63 30
26 8
47 28
5 30
76 20
10 9
59 20
40 15
25 9
38 11
86 1
79 12
26 18
31 28
87 18
66 14
39 19
69 1
4 10
9 1
94 10
36 16
100 25
37 17
43 15
85 8
89 5
56 11
66 22
44 8
88 18
3 2
35 22
66 1
7 14
46 18
29 27
13 25
28 14
80 5
51 30
72 24
62 13
68 22
63 13
86 18
46 18
40 27
38 18
43 15
67 28
45 15
95 18
22 7
35 25
8 19
89 11
77 2
91 4
11 27
20 9
99 27
93 19
76 25
75 21
33 24
10 24
50 28
3 8
19 18
29 5
38 20
81 25
71 7
67 10
65 3
22 14
85 11
90 2
20 12
56 6
33 20
37 27
82 2
40 12
16 11
100 3
96 14
93 10
52 2
66 22
47 28
63 23
69 30
15 21
18 9
36 5
35 30
64 29
29 25
47 29
1 29
92 8
88 26
48 25
65 10
67 27
60 22
54 20
72 11
25 23
64 30
81 24
95 9
82 14
9 10
57 29
70 24
45 22
6 30
15 15
73 8
13 16
85 15
34 15
40 22
48 2
95 12
10 18
2 29
6 24
32 17
67 10
13 16
17 9
83 4
48 20
11 8
7 5
98 5
67 8
40 7
7 6
37 9
75 22
23 27
58 26
42 28
48 28
40 25
56 4
41 16
57 26
28 17
10 18
3 1
62 1
16 18
95 1
51 17
56 11
18 20
17 28
13 29
80 1
3 13
89 15
19 14
64 12
48 2
42 29
56 25
53 1
90 6
49 5
73 3
27 23
77 7
31 4
7 28
59 2
42 7
96 19
85 8
65 14
14 16
40 3
91 17
15 9
19 12
65 23
44 20
47 28
75 4
21 20
32 17
79 12
9 18
56 6
55 14
38 8
25 5
1 2
73 12
78 28
53 25
22 15
94 30
52 8
73 21
10 21
19 16
35 4
59 22
79 11
38 30
93 4
26 20
34 1
37 25
14 21
94 30
94 14
19 13
16 29
22 9
78 13
59 10
14 16
5 11
80 26
76 10
89 2
46 6
1 12
2 27
56 6
99 27
94 23
7 21
73 28
68 10
36 26
84 17
37 5
8 21
23 19
32 1
70 16
30 25
60 29
86 22
32 23
80 7
58 3
74 6
48 11
86 3
12 19
34 7
97 14
54 26
33 2
17 12
14 15
25 3
74 3
88 26
81 8
70 5
38 22
47 18
47 10
77 19
75 5
51 8
84 13
4 22
9 8
79 29
28 8
67 24
100 7
2 26
41 25
67 28
22 28
67 18
84 10
22 17
34 29
22 6
46 25
44 5
76 28
5 24
13 13
33 18
8 16
31 12
97 2
80 29
9 16
57 12
7 30
17 25
36 18
59 5
8 10
9 24
50 12
33 13
3 16
85 20
35 2
9 28
19 28
56 25
47 18
42 26
61 13
14 2
3 21
13 7
1 5
94 26
90 13
58 7
17 28
92 4
82 2
14 21
10 21
61 20
27 21
87 3
62 16
14 25
53 22
95 26
61 30
1 13
53 19
2 10
8 13
96 5
67 1
56 21
7 3
22 18
5 6
26 12
55 29
11 13
61 7
93 21
32 4
45 4
72 23
82 4
40 2
79 30
85 14
55 26
53 13
84 8
47 11
42 22
83 3
26 11
93 10
91 9
66 5
67 30
43 4
15 24
64 29
51 6
21 25
74 14
50 2
69 13
63 23
69 16
93 11
50 19
61 29
35 9
40 26
52 1
94 7
92 20
48 8
90 28
16 28
85 12
96 29
63 30
3 28
39 10
91 24
72 6
51 15
23 26
16 7
12 17
71 24
52 23
21 7
3 24
43 2
97 3
11 9
70 21
74 22
90 13
98 22
68 14
49 1
63 25
29 14
63 1
85 7
100 25
35 26
85 26
36 4
64 25
64 26
58 2
63 1
20 5
91 8
42 13
99 26
35 11
39 4
13 25
20 24
61 5
51 11
54 2
86 30
12 8
63 24
11 1
91 12
14 23
77 9
25 16
67 8
42 30
33 19
19 22
29 19
20 9
22 14
60 1
18 17
25 6
60 4
100 6
13 28
44 18
24 15
97 17
15 21
1 30
76 12
28 15
63 30
51 21
79 27
98 23
58 28
64 14
1 5
67 5
99 2
51 27
60 7
8 26
31 23
79 6
87 26
100 10
40 28
56 23
35 23
60 15
33 1
64 29
48 22
76 19
11 24
24 20
50 28
73 10
7 29
53 24
56 5
17 2
11 22
35 22
14 20
75 5
2 8
95 18
43 20
28 9
1 6
18 24
87 2
40 1
78 20
32 23
37 19
36 3
89 11
26 8
98 28
56 1
74 3
93 18
19 17
70 1
96 22
89 1
32 2
20 19
75 9
47 27
64 26
18 25
20 27
51 6
37 28
19 5
7 18
26 22
75 15
86 8
80 24
41 29
12 1
60 12
34 23
6 6
51 10
1 9
78 30
32 22
59 5
13 18
50 11
17 20
29 7
30 28
80 19
60 16
13 15
78 13
11 1
23 28
12 9
67 23
55 8
82 22
77 16
55 3
81 1
61 14
13 29
12 8
49 4
39 23
6 29
13 23
81 21
83 16
19 3
92 16
59 13
32 5
83 25
51 7
38 11
10 22
81 28
36 29
16 25
8 18
7 7
55 12
91 4
33 8
33 1
14 19
10 5
15 8
32 28
99 6
43 1
10 23
79 13
48 8
43 26
93 13
44 24
3 17
67 14
25 17
61 16
98 13
45 14
25 25
36 23
93 4
70 28
9 6
21 22
49 15
65 22
54 21
58 11
88 9
49 7
67 8
62 19
78 10
36 25
83 23
50 23
30 2
88 18
51 26
82 2
24 5
40 19
67 20
34 9
13 1
35 29
1 15
24 10
13 25
78 16
91 3
33 29
18 17
36 28
18 3
63 14
34 13
17 16
18 10
31 29
1 16
96 18
80 13
46 22
95 13
44 8
26 18
71 23
92 26
27 5
18 25
54 3
86 18
97 6
57 22
51 10
20 28
28 17
3 21
89 23
96 19
43 11
40 28
99 5
58 30
86 8
98 11
35 12
47 18
21 5
71 5
45 28
54 26
28 26
34 1
86 22
16 27
85 22
4 6
86 30
71 30
52 26
31 12
40 18
64 29
18 28
59 4
12 9
32 24
51 16
9 23
4 30
51 29
44 4
100 14
13 24
19 24
86 17
86 15
16 28
41 28
47 22
65 12
34 7
7 18
57 6
89 24
31 5
74 26
34 2
16 4
