100 38
900 3354
53 23
24 29
40 36
43 37
29 16
68 17
9 9
100 8
96 6
19 32
70 34
34 20
7 12
65 19
48 30
93 28
92 22
46 23
91 5
65 3
63 2
54 25
88 11
5 37
42 13
3 11
28 29
31 8
13 7
8 5
64 28
10 12
86 16
67 2
5 34
85 31
99 12
46 28
96 12
42 1
90 19
58 33
84 32
90 37
49 22
25 9
93 21
97 33
31 21
77 35
35 7
84 14
3 1
86 24
21 37
66 23
36 5
96 25
28 4
7 10
12 3
88 20
5 10
16 38
33 37
71 36
10 35
62 31
71 10
86 38
68 1
82 35
76 32
39 8
80 29
11 2
52 11
77 6
49 14
93 16
60 30
31 37
89 34
88 10
39 14
1 16
64 38
98 11
24 12
33 17
95 11
27 9
69 9
38 33
99 25
77 21
57 13
16 19
20 25
11 26
3 10
99 11
30 28
5 10
43 37
65 33
85 35
7 27
35 13
25 37
35 8
66 38
40 32
22 27
26 11
17 19
57 30
89 10
51 27
91 31
93 6
63 14
89 22
33 12
57 24
95 33
11 38
32 28
97 25
75 31
27 26
21 15
97 14
76 7
38 24
22 13
42 34
35 8
82 7
4 4
69 33
96 11
84 3
6 21
58 21
2 17
39 9
83 9
59 33
74 37
72 5
29 36
95 2
9 14
87 37
10 2
83 7
97 35
58 28
30 24
9 29
25 4
80 13
62 26
32 13
28 11
67 8
83 20
77 13
21 27
9 12
25 36
18 37
85 12
88 23
97 38
7 11
61 20
70 28
78 14
28 30
5 33
87 18
35 9
35 3
63 5
97 30
66 4
89 12
86 10
60 34
83 10
14 8
33 11
35 22
81 10
72 25
20 27
35 20
37 25
11 32
11 28
33 37
48 19
51 31
47 25
63 28
12 21
92 35
56 32
11 30
3 10
65 2
14 30
95 4
13 34
17 10
5 37
16 32
33 28
52 17
13 4
99 20
23 34
53 11
94 6
30 10
69 32
76 6
46 24
78 35
35 5
77 11
56 20
35 18
83 7
30 26
55 22
45 14
54 24
50 15
51 33
98 2
65 26
76 23
83 10
11 9
5 27
33 21
67 3
40 21
73 3
22 27
11 1
12 19
92 3
21 24
20 28
24 18
74 5
11 38
25 26
11 6
81 16
78 12
50 9
62 21
38 4
71 16
27 36
26 25
27 24
79 26
31 20
4 22
56 31
99 30
47 15
40 4
79 8
81 30
49 10
89 19
45 28
75 13
89 3
6 33
36 19
4 7
46 32
83 2
65 6
19 19
59 3
34 27
38 20
98 35
100 16
26 9
37 26
64 28
66 15
51 8
79 3
61 31
64 9
55 4
40 25
2 14
20 10
76 10
30 32
99 30
39 25
75 5
73 37
85 14
100 7
14 23
91 21
24 2
83 25
42 1
52 13
61 30
49 33
2 21
65 17
12 36
63 19
70 20
79 3
81 21
83 30
26 23
78 5
16 37
30 35
64 35
54 35
91 32
97 35
93 26
6 12
4 31
71 18
77 15
23 16
49 10
49 20
30 2
53 34
57 9
55 35
11 22
82 36
57 38
71 12
48 17
82 12
66 31
57 13
42 33
88 1
20 29
90 30
94 38
13 22
67 29
26 33
80 36
96 5
90 28
2 24
74 36
68 32
13 20
63 29
37 15
73 8
2 1
44 29
33 18
70 27
70 28
44 31
55 24
37 26
59 22
66 7
33 1
42 3
52 32
93 13
51 37
88 8
44 17
45 37
14 29
1 12
78 18
91 26
99 30
11 29
26 7
100 8
90 4
57 24
89 34
98 35
93 22
38 24
69 25
36 34
72 14
31 34
44 17
91 8
71 14
46 34
57 2
1 16
80 38
7 13
59 21
36 38
7 2
26 6
44 27
88 12
6 33
27 27
36 27
99 33
23 26
74 26
21 10
10 10
83 30
13 19
65 28
63 34
58 4
92 19
89 21
36 23
18 13
1 10
32 27
51 38
29 28
49 3
59 7
41 23
89 28
87 32
89 25
79 15
78 20
81 24
89 10
40 38
7 23
77 26
85 23
65 25
15 26
75 21
87 22
2 9
50 11
90 20
82 8
50 11
72 4
52 19
36 17
33 30
74 31
8 4
11 21
42 13
65 26
61 17
36 1
33 5
66 25
32 38
63 8
57 10
27 12
61 33
66 9
32 11
18 29
84 8
63 25
30 2
14 20
7 16
44 33
46 28
31 5
59 2
77 31
12 32
81 22
51 11
3 24
31 32
54 14
40 37
68 24
79 15
58 23
64 8
86 28
43 25
59 32
33 5
38 32
12 29
96 9
21 26
50 13
42 34
42 30
99 26
95 24
98 35
13 32
54 38
46 27
31 16
18 4
20 31
58 11
51 35
45 5
10 31
22 6
96 28
73 21
19 20
13 10
47 19
92 4
27 38
99 38
92 3
21 9
74 7
44 20
29 10
45 18
17 22
25 15
97 5
51 20
22 27
34 33
74 19
9 20
83 16
28 7
49 32
35 9
4 19
7 9
11 15
72 13
82 22
95 27
38 27
16 7
20 8
18 17
40 7
54 17
43 34
82 29
91 33
87 12
56 27
52 4
16 25
66 6
20 6
48 21
66 32
86 29
95 36
71 37
27 9
48 18
4 8
89 26
29 25
31 22
54 32
72 20
79 5
37 17
9 22
59 25
5 8
61 32
96 1
99 24
4 7
55 33
62 18
19 38
89 2
80 3
57 2
49 35
71 32
23 3
98 13
70 38
50 38
84 38
99 19
96 36
6 37
28 29
89 18
99 34
39 26
14 23
80 22
81 24
98 22
12 23
45 4
89 31
17 5
30 7
28 24
90 21
32 9
53 2
71 7
18 6
61 30
41 7
4 36
8 18
50 28
31 35
7 26
55 17
57 7
5 13
26 12
49 18
35 21
60 33
1 26
51 12
49 15
76 7
38 33
76 38
24 2
86 26
78 26
20 5
31 10
1 8
84 36
55 30
24 26
63 19
30 28
14 23
11 26
53 29
99 21
41 16
48 33
73 3
5 7
97 22
96 15
3 27
20 14
89 34
36 25
92 21
75 13
46 15
11 22
6 23
22 11
69 26
16 22
91 27
99 7
88 25
29 6
79 12
32 12
14 34
64 38
65 2
74 25
55 32
96 16
77 2
52 27
54 27
84 17
88 15
97 28
17 32
74 8
45 4
26 22
96 37
82 6
28 2
43 37
59 12
97 18
32 5
14 10
99 29
30 4
1 27
86 5
71 11
7 16
40 8
80 37
26 37
6 25
63 10
39 13
72 28
71 14
73 15
92 17
34 10
41 12
92 26
90 14
94 21
14 30
31 11
96 17
87 11
73 11
73 6
43 37
4 22
97 35
46 33
42 23
74 31
94 28
100 29
98 18
80 12
54 5
51 24
2 16
50 17
49 23
47 37
44 35
73 18
67 17
39 31
50 3
30 36
95 20
87 21
67 17
31 33
39 30
6 17
97 23
27 38
36 33
54 2
41 24
2 23
77 1
63 16
59 27
35 21
13 34
61 35
47 10
94 12
24 32
84 16
100 36
90 14
90 22
61 33
21 35
96 9
84 30
30 34
39 28
48 1
39 24
58 32
2 2
16 31
49 28
98 9
16 22
26 25
6 34
11 16
30 13
2 15
49 3
69 24
52 7
96 9
97 20
50 6
52 30
26 13
3 20
52 35
19 13
91 10
44 16
21 8
11 33
55 20
36 16
16 22
48 32
14 21
59 36
3 8
35 8
42 16
21 34
53 4
64 12
82 5
22 11
41 7
85 29
12 4
10 5
93 10
46 35
67 30
51 3
34 30
11 34
74 34
22 22
19 32
84 29
41 34
33 5
67 8
59 27
50 5
2 30
49 5
35 19
71 7
67 3
1 22
43 10
79 13
1 24
61 11
97 23
44 8
65 15
54 7
31 11
69 24
78 32
37 21
9 2
36 3
48 10
90 23
61 19
10 6
60 35
40 37
42 27
3 37
87 37
84 32
64 18
44 36
65 11
84 36
26 16
53 14
80 31
54 38
5 31
69 20
45 30
84 4
84 16
78 27
15 19
61 37
58 28
40 17
27 16
29 20
82 1
26 4
60 24
98 14
3 3
59 10
58 21
25 5
80 33
72 28
80 13
72 1
38 4
86 16
6 27
33 4
32 29
80 29
78 25
96 13
82 7
50 16
32 13
70 32
44 32
9 17
89 34
9 26
41 36
81 38
38 20
19 24
73 33
73 7
77 3
91 28
73 6
6 30
57 6
10 6
27 2
31 20
5 2
37 10
49 35
9 17
5 4
73 35
8 8
36 36
68 24
33 7
76 22
53 4
90 11
74 32
20 36
99 9
9 21
43 9
59 27
57 16
96 34
55 23
38 22
73 22
29 3
2 19
56 27
81 12
71 33
69 13
23 6
31 30
95 18
77 22
79 28
22 25
79 17
68 31
10 12
8 3
19 3
4 14
70 20
80 12
81 14
100 27
5 20
11 13
58 11
27 15
9 37
18 11
33 25
37 9
73 35
35 4
17 14
85 29
77 5
62 22
87 2
81 15
99 30
39 26
92 13
77 6
53 22
66 7
11 5
59 34
48 9
72 32
56 23
6 27
39 8
63 17
96 3
55 32
13 10
53 36
42 5
66 13
15 32
83 4
98 12
60 17
21 17
35 10
96 1
2 32
55 38
67 19
93 21
28 37
5 1
31 24
54 25
9 34
99 7
43 26
4 24
81 11
82 9
100 37
12 1
75 38
65 23
69 31
13 19
69 26
71 16
99 22
17 7
43 14
63 5
31 22
13 25
97 4
7 31
90 25
65 27
89 4
74 6
33 30
61 36
47 33
52 25
7 17
52 35
86 33
13 6
23 36
14 17
68 28
49 5
50 35
58 18
70 17
76 17
69 14
57 23
52 37
44 14
25 29
46 22
33 24
3 13
10 3
12 38
61 5
71 31
62 13
82 35
71 10
59 16
58 30
13 10
17 27
83 35
40 7
1 38
7 8
54 31
2 33
95 6
99 29
4 21
27 5
99 7
93 11
31 38
98 4
28 12
47 4
73 18
80 37
1 18
53 7
16 29
77 4
86 5
93 31
42 16
25 25
22 1
31 4
91 1
94 25
89 34
77 15
46 37
59 22
9 37
7 19
43 21
82 28
49 21
48 36
13 34
70 2
44 6
78 5
69 20
73 14
40 25
45 38
23 37
25 6
46 7
7 26
66 3
35 28
9 30
9 36
93 12
83 2
74 6
72 25
9 4
61 30
7 1
70 33
48 3
31 16
11 24
94 14
9 20
35 20
79 27
25 26
50 30
69 31
47 15
23 4
39 10
23 12
37 4
86 25
80 18
26 31
94 4
63 27
96 16
88 27
58 16
25 38
92 18
54 38
74 23
82 7
7 30
97 10
29 23
21 26
38 2
78 8
72 35
27 30
19 24
49 31
66 36
97 17
32 16
51 30
94 30
20 29
25 28
48 33
33 14
75 6
75 5
85 38
41 35
31 33
62 26
9 34
98 1
21 5
78 31
6 7
15 35
88 32
16 25
27 4
67 38
88 23
63 19
97 29
85 33
63 35
1 13
58 9
81 16
23 26
3 9
74 35
24 5
28 36
7 17
53 34
53 19
76 36
35 27
74 34
10 8
78 16
95 8
45 24
20 4
77 13
49 14
57 16
87 26
34 10
56 31
57 11
40 17
16 32
24 1
79 32
92 2
32 8
37 30
91 35
94 29
48 2
45 8
67 37
61 15
57 3
87 16
66 37
82 27
60 1
30 37
59 28
68 26
77 24
98 17
37 6
26 29
7 18
28 6
55 11
60 37
59 14
44 22
89 37
3 3
8 38
13 9
21 2
12 8
54 24
61 32
42 9
64 13
25 38
89 24
49 31
51 14
5 8
72 10
51 8
93 17
98 15
1 5
86 7
93 6
99 6
22 4
66 6
42 38
7 8
26 7
40 36
78 2
57 29
85 24
23 20
63 29
14 25
3 36
4 38
89 5
59 36
3 25
60 31
46 15
77 34
77 35
90 34
43 6
56 17
39 22
36 31
7 27
4 31
7 25
59 9
36 8
3 15
50 19
14 35
42 5
48 33
78 32
24 32
44 18
91 14
36 22
92 34
51 34
71 3
81 34
94 27
54 25
85 4
42 6
65 35
93 20
74 20
39 3
16 23
82 2
76 31
53 27
8 7
19 9
4 20
3 38
20 8
81 12
52 27
38 29
73 10
63 21
50 16
24 30
25 18
4 18
17 8
60 6
13 26
15 26
26 21
55 1
9 36
50 9
68 3
22 3
17 29
77 15
43 15
60 17
67 36
53 14
73 24
19 23
19 17
12 26
12 1
18 26
2 1
22 37
50 17
54 23
10 4
32 27
45 1
30 34
20 15
51 30
66 24
13 30
84 38
24 23
52 19
3 24
47 27
44 28
45 30
87 31
69 32
98 19
3 21
67 9
90 29
57 24
79 33
91 20
5 5
25 4
68 23
92 23
88 16
29 21
11 24
56 35
100 5
22 29
78 26
89 19
38 24
29 38
97 14
1 21
10 33
19 5
30 22
24 25
30 27
97 15
29 24
54 24
39 26
35 32
30 3
73 24
24 25
88 35
74 31
87 25
95 20
56 4
3 20
96 30
91 20
52 6
90 26
61 4
25 10
85 13
66 34
17 32
12 24
90 25
42 22
73 33
8 18
16 11
7 1
3 23
54 38
41 37
59 13
82 38
27 37
55 6
98 19
71 6
93 20
93 22
72 7
27 37
97 23
64 6
56 2
45 10
46 11
62 37
18 23
99 20
62 34
4 26
46 27
30 29
89 27
76 2
69 20
47 1
16 31
90 9
67 3
19 19
74 31
91 12
55 22
93 12
72 12
57 6
35 2
64 13
87 19
47 24
65 28
8 37
16 13
16 9
11 36
81 13
77 32
13 11
35 33
40 3
20 34
81 9
40 38
79 33
82 18
32 28
48 6
97 18
31 8
97 24
14 8
9 6
85 26
15 38
90 26
48 16
2 37
38 23
15 38
56 26
15 10
98 16
1 21
46 11
7 27
20 7
30 33
79 19
74 7
83 6
92 20
34 16
2 16
26 2
78 9
2 8
22 15
11 12
80 18
22 28
92 34
3 2
65 8
24 2
46 2
52 12
11 9
58 21
5 16
19 11
59 3
37 2
38 31
55 38
24 9
16 8
75 15
1 37
6 36
87 25
2 24
63 32
56 27
36 3
80 22
3 14
85 34
55 38
61 12
59 16
92 14
100 25
39 27
28 18
48 6
35 32
83 12
3 34
29 38
94 30
45 2
99 25
32 34
100 4
44 16
12 32
55 37
20 24
33 25
71 22
46 36
77 21
29 12
22 31
65 26
63 37
67 16
52 21
86 17
70 16
57 15
34 12
6 19
4 34
4 36
48 23
73 34
86 24
34 6
11 33
73 33
27 16
70 7
73 33
16 6
96 6
46 33
89 29
68 9
22 1
34 3
22 9
39 9
48 9
18 19
87 33
34 32
28 37
56 3
71 20
54 22
81 32
52 37
98 34
56 10
67 17
81 12
82 32
75 30
20 30
57 13
40 6
47 15
89 24
19 15
52 31
54 23
39 25
86 17
40 15
23 1
28 33
74 24
29 1
55 28
56 12
81 20
67 25
3 32
71 26
13 19
77 29
87 8
68 6
22 28
14 31
85 30
32 26
30 29
3 34
33 28
67 17
12 23
73 31
78 16
35 22
10 10
40 23
24 18
47 21
26 10
74 10
37 24
33 8
95 9
94 38
60 27
10 21
20 30
20 29
10 10
16 37
39 36
9 2
58 15
80 32
14 30
54 1
90 3
57 28
98 35
74 16
69 25
49 12
62 1
30 3
29 38
33 38
11 22
19 1
9 15
69 28
17 11
49 30
17 30
55 8
56 18
35 26
52 21
63 3
75 14
30 27
30 32
38 9
75 22
97 2
53 26
70 10
35 23
34 26
39 30
99 16
25 16
16 21
46 16
75 16
40 35
62 12
37 4
34 21
58 8
75 3
93 14
80 22
77 27
86 2
86 24
86 11
28 23
44 24
32 33
43 27
6 20
1 26
96 35
51 28
91 38
2 33
48 25
92 3
41 24
29 37
9 3
51 25
66 38
80 3
71 5
96 10
28 17
43 24
2 23
54 38
75 17
56 31
80 25
60 5
1 36
3 3
86 5
6 19
63 10
10 16
61 22
22 2
83 1
23 19
15 10
4 29
82 37
17 13
63 35
65 30
52 10
82 30
88 9
53 9
100 17
54 24
9 22
46 11
28 14
6 16
11 6
66 29
2 3
61 11
42 29
98 8
5 23
52 1
72 16
83 20
40 22
48 4
96 8
85 14
37 36
43 38
45 27
83 27
52 20
45 3
33 25
61 35
8 7
53 20
41 6
19 19
23 25
66 31
47 27
35 25
37 26
16 14
27 3
47 30
83 24
76 9
36 8
82 25
2 6
50 14
6 8
52 31
3 16
48 37
73 14
96 22
49 16
83 35
67 3
31 16
7 15
59 2
86 21
58 19
30 22
92 29
23 26
21 1
78 1
73 18
93 38
22 28
55 14
60 36
96 8
38 27
63 19
100 2
55 2
63 27
5 3
88 4
55 14
17 31
81 17
26 14
77 30
52 37
46 17
7 22
56 6
88 28
58 21
70 3
30 35
35 10
68 19
64 4
70 25
35 23
15 15
98 21
87 1
33 38
27 37
86 33
84 21
11 20
52 13
79 13
51 8
76 37
31 22
34 36
47 15
7 34
50 12
83 32
41 27
14 25
72 16
79 27
29 32
69 4
56 29
30 32
43 12
90 34
96 1
77 29
24 30
85 19
81 16
25 29
46 26
99 13
54 4
72 20
50 31
47 32
5 4
61 31
66 30
30 10
17 19
11 5
91 37
4 36
65 9
73 14
10 11
5 4
94 16
80 32
63 37
63 12
61 7
19 25
61 38
95 36
23 27
61 37
53 27
69 7
44 4
27 21
87 37
55 21
42 5
35 25
14 35
24 36
8 1
39 9
42 11
12 20
37 11
72 9
91 17
97 15
45 12
79 10
19 38
13 28
100 8
65 35
43 21
9 15
23 24
93 1
46 9
64 25
18 9
69 34
29 5
59 20
12 17
96 35
71 1
57 38
26 1
54 36
11 30
39 20
8 24
82 1
24 32
97 32
70 3
90 15
94 30
79 5
23 35
56 9
97 38
100 2
30 34
78 23
32 8
3 5
64 8
61 7
42 6
46 36
71 8
67 4
52 17
63 9
87 25
29 2
88 16
75 5
63 5
63 35
29 3
87 12
96 10
73 3
81 38
95 13
83 29
47 21
42 32
98 29
31 2
74 11
80 18
59 25
90 22
78 20
44 20
53 11
74 2
5 9
12 30
72 37
32 28
53 9
77 4
82 16
90 4
73 13
98 13
64 36
91 29
56 10
17 12
17 10
70 14
14 14
62 30
23 9
33 37
50 22
63 26
60 25
99 23
11 8
32 3
71 10
21 11
40 23
53 16
41 9
5 19
74 29
26 14
20 30
37 34
96 20
10 4
40 23
47 20
63 26
92 32
42 25
45 8
65 36
38 13
21 4
100 28
10 28
20 3
36 1
32 36
56 38
60 14
39 20
17 24
33 24
36 29
75 3
76 36
84 33
27 27
90 13
22 13
52 13
25 13
36 17
82 31
73 21
93 27
58 30
75 28
69 34
57 20
21 10
75 2
37 21
49 32
42 11
65 30
87 4
84 37
60 25
96 12
51 18
80 7
32 14
41 24
37 5
3 34
23 4
17 21
73 31
5 1
80 33
31 2
85 15
4 35
47 20
36 15
8 31
77 4
8 37
6 20
11 5
84 9
3 18
31 30
76 31
63 14
53 22
18 33
93 23
71 34
55 10
60 8
73 35
77 29
10 34
8 9
15 2
85 33
28 17
84 7
37 35
29 20
57 21
47 2
89 4
29 25
48 24
60 26
65 31
44 36
28 20
99 28
61 1
31 1
93 29
25 35
62 36
90 31
75 35
6 31
20 29
46 20
21 27
34 8
95 34
52 22
61 33
28 27
81 19
3 13
10 4
31 10
84 35
70 10
96 8
90 10
18 11
16 9
41 6
27 27
9 2
100 1
49 18
81 24
80 7
14 13
81 36
25 10
11 17
12 35
61 23
17 28
88 14
7 24
29 13
76 19
90 9
75 29
5 19
66 2
63 8
28 19
38 13
4 24
80 18
18 31
75 29
61 14
48 12
34 28
55 1
3 25
77 24
36 16
4 16
27 17
17 23
80 24
13 20
97 22
45 23
74 38
41 7
66 26
44 17
4 10
88 4
20 16
54 30
16 26
23 20
49 9
11 18
33 5
66 26
61 7
6 7
10 25
80 30
99 3
86 30
68 36
45 11
18 27
61 4
27 16
93 4
71 17
96 14
42 1
83 33
33 37
81 6
28 14
38 22
34 37
50 6
19 18
9 10
25 32
75 2
94 33
37 16
91 1
80 8
35 5
56 17
70 18
25 38
14 18
49 19
89 37
76 25
47 24
36 37
38 7
10 20
6 35
27 35
53 22
91 31
47 23
35 29
36 13
66 9
6 3
73 6
43 10
16 24
35 23
26 15
39 7
46 25
81 37
59 33
12 11
4 17
64 24
48 4
89 13
62 32
73 23
80 4
26 28
47 3
23 15
98 25
74 26
11 35
73 17
90 18
77 33
58 2
20 36
34 10
63 35
40 6
82 16
82 24
74 21
27 9
50 8
92 10
30 26
66 5
22 15
26 1
7 7
81 36
39 2
40 17
80 5
99 2
74 12
51 37
76 32
14 15
20 6
7 25
100 33
58 33
41 13
7 29
45 12
95 31
47 20
31 31
98 14
1 37
16 12
26 29
40 3
16 32
3 5
46 4
48 23
76 33
48 30
40 19
6 4
50 5
72 23
45 33
36 23
75 33
84 4
2 21
28 3
30 4
87 37
31 34
40 12
47 12
35 16
76 18
90 33
22 1
67 1
67 4
68 7
55 26
38 2
8 4
55 12
11 26
14 37
78 28
2 38
71 4
18 26
51 16
1 19
26 4
81 1
15 4
1 26
18 14
43 12
79 15
25 7
7 13
91 33
27 11
75 18
10 28
81 10
96 19
48 36
34 3
15 38
99 27
15 25
35 38
15 3
66 12
53 7
52 21
87 2
30 4
8 10
2 2
38 4
95 7
98 25
2 7
43 35
98 33
25 4
19 32
65 14
23 6
20 27
8 16
7 13
72 10
91 33
49 24
42 1
88 38
2 6
54 36
63 35
28 29
93 24
28 6
76 5
56 20
3 38
99 29
48 18
5 20
64 2
23 2
9 18
70 3
52 22
25 8
45 24
45 30
72 31
48 9
66 26
8 12
18 20
66 33
51 9
28 31
39 1
3 24
24 38
85 24
32 5
5 33
75 16
70 36
44 13
55 13
33 14
26 9
42 6
93 26
5 4
27 3
51 30
4 22
57 25
99 11
60 15
25 9
87 26
80 24
27 26
53 12
29 10
80 24
8 36
80 21
35 19
20 21
32 32
3 8
5 17
92 30
46 5
14 32
35 26
77 8
25 2
42 37
22 21
100 7
18 10
77 14
34 30
59 38
50 16
96 9
85 25
24 35
5 28
10 14
44 18
55 29
71 12
19 2
96 20
88 28
88 15
45 11
96 11
26 22
20 19
26 10
80 12
80 21
89 3
78 35
75 29
25 5
66 27
48 32
21 38
22 34
98 11
86 16
56 12
36 19
32 6
97 11
16 28
43 4
95 13
85 4
98 11
29 9
60 5
53 9
97 31
55 9
88 36
2 8
61 30
5 35
73 23
37 4
67 6
42 15
84 8
92 7
50 10
92 20
52 22
79 27
48 4
56 12
8 6
30 29
75 33
24 10
49 8
79 12
25 8
81 18
31 31
50 11
25 15
17 24
72 10
99 25
28 38
69 6
75 19
49 10
39 14
79 19
12 8
91 2
84 34
38 37
58 17
92 36
13 5
38 30
3 7
66 23
38 27
29 13
42 30
99 7
19 23
50 8
16 12
48 31
14 22
18 6
34 3
62 19
46 24
94 13
77 23
55 20
54 3
63 11
93 38
30 26
12 28
31 22
81 4
79 33
97 17
27 22
25 21
42 13
19 35
51 29
61 6
31 13
97 8
28 38
19 25
69 30
92 1
86 25
43 18
42 18
65 33
20 34
95 30
97 10
13 9
34 15
48 27
17 19
28 24
23 17
46 6
45 15
5 38
51 23
92 21
30 24
58 35
83 17
79 23
51 19
21 35
77 17
87 4
45 30
99 31
14 37
57 15
20 3
90 14
72 1
41 3
34 22
66 18
51 9
85 32
72 14
28 12
52 19
17 2
81 31
50 35
37 7
87 34
7 31
33 12
88 31
72 23
43 37
70 3
88 10
2 13
100 17
53 24
41 11
81 25
28 4
76 3
53 29
39 29
10 1
20 36
81 8
68 27
98 20
7 28
42 6
99 26
2 10
83 13
32 2
14 7
10 23
41 36
31 23
97 31
67 4
89 12
16 18
13 9
55 3
98 10
62 28
7 33
61 28
43 23
92 3
41 26
76 26
30 24
99 35
21 32
91 30
85 27
17 28
10 12
68 5
75 5
70 1
40 29
14 19
16 9
16 12
67 17
57 32
3 14
23 32
24 20
12 26
92 26
24 38
100 3
61 2
43 18
98 7
12 20
61 24
36 20
100 19
25 29
30 9
15 3
16 37
97 5
45 29
5 10
86 26
72 32
4 31
59 30
93 22
86 5
14 26
22 17
18 24
25 9
22 6
24 25
8 21
77 13
69 1
48 34
68 9
48 20
51 29
61 32
99 23
99 2
66 22
31 19
68 13
36 15
62 17
46 33
64 37
89 22
51 33
95 11
10 2
81 16
53 11
94 16
39 10
2 6
46 27
14 7
47 2
69 13
69 30
82 31
80 32
52 6
84 34
11 28
62 18
45 1
84 6
18 31
96 6
87 19
45 14
100 17
92 12
71 3
45 36
75 19
22 6
66 12
42 31
70 10
51 17
85 4
30 4
26 29
82 9
48 33
83 6
72 8
27 24
5 24
71 10
89 11
72 27
76 1
2 16
52 34
52 18
71 8
11 3
65 9
79 1
91 19
79 28
49 15
35 22
48 23
13 3
100 1
55 30
49 8
26 33
32 38
69 35
6 32
98 34
98 31
94 11
43 15
87 15
45 29
27 11
23 8
43 10
87 14
59 9
76 18
77 18
9 2
66 23
6 28
16 30
26 9
76 10
40 19
5 24
82 31
56 26
36 6
49 21
49 32
55 25
35 24
8 21
71 31
38 33
75 25
85 9
37 27
74 31
39 34
85 1
81 5
21 4
51 22
55 14
34 23
81 16
96 37
98 34
71 23
69 19
11 29
54 11
41 3
18 12
88 32
26 15
37 23
57 29
38 22
54 13
87 13
33 25
58 12
29 32
84 1
94 16
10 21
40 34
36 23
69 14
19 28
76 4
73 7
79 38
58 36
35 37
94 31
77 15
89 19
37 4
87 23
59 25
13 18
7 16
58 10
59 23
2 38
54 10
53 15
65 19
52 38
55 13
11 24
83 15
80 11
24 30
61 38
58 32
6 28
76 4
69 36
69 11
60 27
51 17
77 15
60 30
8 23
92 11
29 28
49 21
87 6
9 12
21 16
47 20
61 34
31 34
75 4
76 16
5 1
34 35
99 29
53 25
76 15
23 33
52 7
55 32
69 33
84 38
81 8
35 17
58 16
40 33
44 23
12 11
65 27
75 10
24 35
5 13
70 11
4 29
96 26
27 31
5 35
18 29
27 34
71 20
88 20
16 6
34 18
6 8
72 1
39 17
21 16
27 10
73 29
3 22
52 13
18 26
64 7
44 30
75 2
72 3
4 20
96 34
1 6
86 2
30 17
66 35
20 3
47 2
57 13
82 37
18 12
56 13
20 14
86 33
63 38
29 8
61 21
21 9
31 38
31 5
13 29
25 24
96 23
32 4
42 27
74 13
28 20
36 10
72 12
30 7
72 22
21 26
6 29
83 13
32 36
59 29
39 24
10 33
81 1
42 13
3 1
45 31
55 34
39 29
97 26
97 14
34 29
84 27
59 33
86 1
31 7
56 11
68 34
8 18
83 22
15 12
80 34
93 3
42 20
75 28
26 26
55 26
85 1
84 11
39 37
29 36
5 21
51 29
47 8
3 13
17 24
10 14
52 26
64 18
53 25
56 33
16 18
33 22
41 13
61 32
77 18
59 8
68 37
14 29
85 1
74 16
47 24
13 15
4 18
59 37
68 30
64 20
19 35
29 7
46 2
94 18
87 18
91 26
41 14
92 8
80 10
88 12
45 8
91 34
52 11
99 36
54 3
77 10
30 1
67 38
75 1
72 3
31 27
24 21
94 1
42 29
18 31
11 28
66 3
99 13
77 5
6 10
54 12
40 13
62 17
36 31
87 8
67 27
56 29
92 17
49 4
99 8
93 10
70 2
93 27
16 5
85 29
7 6
42 34
15 6
14 26
47 9
43 10
44 31
43 2
50 25
94 22
41 13
85 33
17 38
92 23
1 26
67 10
45 7
10 17
59 15
63 36
41 4
24 2
27 24
28 3
61 33
32 30
40 11
30 24
13 25
17 17
25 17
18 22
50 8
13 4
75 32
27 30
19 30
52 1
94 36
80 14
5 2
30 25
54 36
10 35
27 14
88 28
34 30
80 25
32 27
17 3
42 9
69 6
44 22
36 1
83 3
67 16
68 30
74 23
65 3
12 16
98 29
97 19
56 21
66 22
7 10
46 28
52 34
41 2
88 20
49 26
8 5
51 15
32 24
80 35
53 20
95 30
98 20
28 31
80 11
93 2
90 32
59 22
45 37
27 2
25 35
34 24
93 20
19 14
4 20
84 9
98 10
4 28
57 36
80 20
15 8
82 19
78 34
29 19
27 15
28 18
21 35
72 30
34 21
8 3
17 23
76 4
35 30
16 28
20 17
11 20
45 29
29 9
69 12
34 37
67 7
32 4
67 4
60 27
27 6
21 29
65 32
18 3
56 16
68 20
100 28
13 11
48 20
47 33
98 35
93 2
11 21
97 28
33 4
100 6
65 1
32 2
10 9
20 12
79 37
15 33
86 16
23 24
71 37
11 29
64 29
55 26
86 13
2 19
5 30
31 17
1 35
6 19
42 25
31 27
95 25
49 38
20 25
42 16
96 19
66 19
95 21
16 2
1 10
98 1
40 36
43 15
30 34
90 26
89 10
49 24
61 32
93 37
4 10
83 2
81 12
71 27
17 2
49 24
22 3
72 15
39 15
63 20
36 15
49 9
13 33
43 14
69 21
6 12
2 15
88 25
68 30
89 13
32 18
42 5
40 24
15 28
70 15
6 35
75 35
37 23
6 3
9 12
28 6
4 20
36 17
62 28
46 30
50 30
61 1
68 38
53 6
88 12
21 12
43 24
8 27
28 7
37 25
24 16
63 7
78 24
49 20
43 36
27 32
55 16
28 35
73 11
53 24
34 32
77 36
71 35
87 12
3 30
31 23
43 13
81 21
99 8
48 7
6 19
86 3
2 38
1 25
34 4
5 4
61 23
47 6
49 3
11 22
5 15
72 14
50 2
84 18
88 7
96 15
65 10
3 20
71 26
72 19
45 16
1 3
20 33
19 12
22 21
60 2
49 26
4 31
92 10
46 38
52 25
85 25
28 21
100 12
21 37
6 16
16 31
45 28
50 30
28 28
49 15
45 32
3 11
15 16
43 4
83 28
84 16
5 32
41 30
99 31
16 28
67 14
64 3
92 38
23 35
38 26
90 1
3 2
60 13
64 29
15 17
93 34
49 34
56 30
5 25
9 30
46 22
100 28
94 32
16 16
71 5
72 30
50 14
75 21
25 25
48 38
87 23
23 20
60 32
32 35
40 28
6 1
2 31
68 18
97 22
81 2
54 16
70 5
77 16
30 3
20 15
23 38
5 24
18 38
23 14
73 21
40 19
92 23
48 22
33 14
41 29
45 17
85 25
98 22
37 25
89 36
17 10
34 36
51 9
64 20
58 5
70 29
90 32
27 6
42 10
4 12
89 18
2 38
67 27
55 10
21 29
85 24
86 23
85 30
30 1
27 34
3 21
30 9
31 28
43 38
60 24
72 31
69 36
99 10
73 24
47 16
80 29
99 1
26 38
9 24
44 21
29 3
3 24
40 4
18 9
53 37
50 28
90 22
84 8
26 5
11 36
13 33
3 8
51 9
93 10
33 1
15 28
89 37
74 5
83 13
74 33
59 33
94 7
17 31
99 31
11 10
54 33
81 6
77 3
50 26
91 33
53 6
49 31
70 21
35 31
87 6
49 36
97 26
43 20
51 38
69 33
61 17
79 8
52 35
11 27
45 6
54 12
70 27
50 14
36 2
91 29
44 17
58 22
73 12
87 24
90 16
57 10
69 11
38 27
1 24
10 25
22 29
49 10
68 9
37 6
16 34
72 6
4 15
21 34
50 27
52 37
4 20
29 16
50 13
64 11
66 36
3 37
88 32
67 19
76 18
46 9
67 13
55 21
33 6
38 16
43 36
13 30
50 32
83 29
73 24
54 19
54 26
71 23
45 22
36 1
54 36
10 22
46 1
95 25
11 25
57 30
7 3
43 34
35 31
11 28
37 8
42 17
54 36
57 13
22 13
86 9
28 28
2 18
28 25
40 18
54 14
45 30
3 17
78 8
26 25
53 26
49 7
64 27
5 19
15 34
42 38
36 14
20 38
59 28
65 9
67 8
100 11
46 28
98 14
14 7
99 32
88 22
22 20
92 2
11 26
83 34
60 14
24 15
25 9
65 8
4 21
11 11
99 4
66 22
64 35
86 9
94 38
64 18
32 30
80 36
95 26
2 38
82 29
4 31
64 2
67 3
72 4
17 5
89 37
83 22
9 8
58 21
46 15
71 9
74 2
76 5
24 5
40 16
56 1
6 17
62 2
14 20
41 29
83 2
70 20
67 2
46 36
40 37
11 37
18 38
82 28
94 6
19 25
77 1
24 9
50 8
37 14
76 38
51 13
23 20
94 1
95 35
44 15
57 30
26 11
40 31
22 34
78 37
58 10
93 38
47 18
91 16
63 1
51 29
48 2
80 15
56 2
9 23
27 32
86 18
2 31
90 7
64 9
43 15
79 7
29 19
60 25
79 33
51 30
54 11
41 33
11 12
17 16
75 14
53 6
4 33
92 30
33 22
45 5
67 15
14 16
97 34
38 32
14 19
54 35
59 36
29 31
32 3
48 8
37 36
25 28
30 13
75 17
78 20
55 29
57 8
59 6
16 4
67 35
43 25
31 6
3 32
70 29
4 12
54 12
1 33
94 13
55 8
70 19
88 20
44 1
75 24
58 27
40 21
10 17
46 25
72 25
35 25
49 11
6 37
99 9
66 31
34 16
73 8
94 33
43 6
10 18
43 2
76 25
58 22
24 27
99 30
24 31
28 33
66 36
13 23
87 4
15 10
49 8
27 18
57 31
72 26
2 28
43 5
62 35
34 1
60 33
88 25
33 10
26 3
60 20
32 2
92 13
23 25
15 24
31 8
73 38
15 15
88 16
11 13
18 18
6 5
8 6
41 36
43 12
23 15
4 27
78 10
39 19
44 32
44 18
27 13
25 8
3 4
74 12
86 37
80 5
72 27
63 26
71 36
82 8
31 26
10 18
82 16
82 14
67 22
38 24
79 25
43 28
50 3
71 10
79 12
96 20
24 16
2 28
44 29
81 12
14 3
43 17
100 20
17 19
32 1
55 23
33 32
88 3
69 21
52 8
65 20
8 19
23 25
25 26
15 11
81 1
89 38
9 29
6 3
17 18
38 11
57 34
45 12
20 16
55 33
82 7
28 35
94 7
8 32
83 37
54 28
89 20
24 32
94 12
12 25
76 32
11 25
27 19
58 6
67 29
43 19
52 31
85 22
89 29
30 4
56 36
97 15
56 14
10 27
84 31
13 4
31 35
32 6
63 26
56 27
92 1
66 29
22 8
60 3
45 8
92 1
85 4
72 35
69 29
67 32
22 22
79 19
25 8
22 28
98 30
17 36
15 7
43 1
46 32
12 13
66 10
38 9
17 25
37 7
53 2
71 28
66 26
14 37
34 2
35 33
50 33
37 11
19 28
26 5
27 1
23 18
1 10
38 9
53 33
47 35
85 3
82 9
71 33
66 24
97 23
70 7
81 18
54 35
41 22
73 25
51 8
29 25
89 1
45 18
64 27
93 1
77 5
74 19
52 17
9 25
60 21
16 28
93 36
40 16
2 11
11 27
30 33
73 27
67 26
35 12
50 35
19 28
54 28
58 9
30 35
56 14
82 23
51 14
7 27
43 5
75 2
50 38
39 24
25 6
69 31
26 10
48 14
4 36
71 36
99 14
56 27
67 29
89 26
18 35
28 32
55 28
97 24
38 8
60 21
65 14
65 5
20 34
65 28
38 3
39 12
82 4
57 28
78 7
1 14
30 37
16 27
34 20
78 15
17 30
89 13
47 24
69 11
54 8
1 26
7 14
16 34
72 24
45 37
29 14
6 32
71 17
83 11
5 29
95 26
66 14
18 12
72 18
95 3
100 13
63 3
42 30
54 37
74 34
73 26
25 28
90 4
77 2
7 15
47 4
85 24
71 25
87 9
65 32
36 32
30 18
38 37
27 15
59 5
18 20
42 35
74 22
4 28
6 10
3 11
52 8
32 34
18 33
79 19
71 19
80 32
12 4
86 12
44 9
43 2
24 1
80 23
94 15
27 8
17 31
79 26
12 36
65 7
78 37
48 5
37 20
20 20
88 30
18 37
13 28
58 17
34 7
64 15
54 2
74 37
52 7
36 6
41 8
71 31
8 24
27 32
45 25
59 8
94 1
98 3
96 4
60 12
43 20
74 2
58 16
47 24
48 7
16 4
30 7
24 10
64 14
99 29
99 5
41 37
3 22
89 32
43 26
76 37
10 10
58 34
57 34
14 4
