100 42
2286 900
91 1
72 15
19 8
27 11
33 6
8 1
93 31
88 15
45 14
76 40
70 35
65 14
43 21
18 15
86 20
75 19
84 21
85 29
25 9
92 23
5 5
82 40
23 32
67 37
23 17
39 33
69 28
55 41
89 4
15 39
86 39
70 2
90 4
97 25
78 13
12 33
3 35
61 19
98 8
19 8
41 23
85 26
61 24
38 10
1 12
78 10
40 32
94 30
14 20
58 9
32 40
19 27
34 27
70 42
7 10
43 32
35 35
67 29
55 38
87 9
92 11
7 5
4 32
22 24
52 21
85 25
11 38
6 13
75 15
7 37
25 13
23 22
99 42
75 25
85 30
88 13
94 22
67 4
63 20
9 25
71 10
65 25
28 6
68 2
28 5
52 39
4 33
58 38
41 3
20 15
77 21
18 17
86 33
18 16
22 9
28 41
59 26
23 21
86 6
60 3
50 31
91 7
22 22
11 5
41 11
28 17
25 17
14 34
12 22
19 16
68 5
74 27
14 42
24 39
9 15
1 33
12 32
39 37
49 4
15 13
41 4
41 41
10 12
92 9
79 15
75 9
7 9
5 38
45 18
33 40
29 31
18 35
35 38
59 38
53 15
77 29
66 17
61 21
10 20
94 17
93 12
67 40
58 7
6 18
74 8
93 11
74 11
8 17
57 39
23 1
69 34
74 30
74 15
56 42
84 16
30 15
42 11
41 24
89 10
11 27
11 4
48 5
57 6
2 14
14 35
68 16
2 24
99 29
79 12
65 17
37 37
42 18
18 42
5 20
27 19
48 20
37 8
58 16
47 7
62 2
15 27
80 3
93 29
21 41
39 41
44 6
86 13
84 24
5 7
94 29
99 25
32 10
6 4
72 40
78 11
13 17
80 31
43 30
81 20
33 15
43 14
100 7
88 11
64 29
69 11
44 17
91 42
75 41
2 10
84 29
46 20
89 4
30 13
27 12
5 17
17 13
78 10
2 3
95 20
34 25
65 42
40 31
49 19
93 30
13 6
63 37
98 38
20 5
33 31
61 35
94 19
11 8
58 10
70 5
15 38
64 25
59 18
14 14
70 30
79 10
56 23
76 41
3 26
66 4
47 28
64 36
22 35
91 3
17 19
47 17
30 25
91 25
12 28
49 41
32 6
37 4
20 15
71 18
16 14
43 5
35 34
88 42
49 3
39 26
98 36
15 29
80 13
53 4
69 12
83 16
9 6
76 7
44 16
98 36
7 24
73 4
11 26
8 26
93 21
4 9
90 39
74 34
67 26
9 20
45 10
43 8
94 29
95 28
75 30
88 40
19 10
3 17
42 10
2 16
86 16
90 4
31 36
90 29
37 6
11 14
77 14
9 40
27 37
1 2
78 4
53 27
49 10
93 15
19 29
16 6
41 31
85 38
70 10
91 9
3 8
7 8
83 2
50 4
66 15
67 35
57 40
89 5
94 33
10 35
21 40
81 30
74 39
45 31
61 32
63 19
93 40
98 34
97 30
57 29
73 22
10 2
92 38
84 31
88 4
49 34
12 30
83 42
93 14
2 28
41 8
60 1
44 14
72 14
79 36
57 38
54 22
5 13
90 30
84 13
44 31
29 29
58 3
58 15
41 21
34 11
86 35
98 11
73 21
2 36
42 36
17 21
56 16
79 21
21 3
72 32
49 38
98 9
51 33
21 10
45 35
84 25
5 12
63 25
61 9
60 21
93 31
55 12
79 26
20 3
91 30
34 16
61 18
33 35
37 9
34 42
49 32
63 11
98 38
46 13
68 9
46 13
84 5
88 13
62 14
85 19
97 32
87 29
9 17
35 9
86 41
19 2
11 18
63 21
13 26
41 9
24 8
66 3
94 37
38 22
14 42
72 38
35 42
69 38
80 3
67 35
79 13
43 21
82 8
97 13
71 21
22 27
59 7
73 37
56 9
36 2
67 15
61 11
8 39
82 19
3 23
44 26
80 26
65 28
74 23
29 35
36 5
99 2
38 4
62 27
70 15
59 23
21 40
57 1
83 6
78 2
61 19
12 13
15 21
46 22
39 35
21 5
68 40
59 37
7 7
97 3
6 31
41 36
21 30
14 40
11 32
3 30
79 11
48 6
32 3
35 23
68 36
61 7
97 21
94 8
39 33
99 16
72 22
19 38
92 24
92 42
41 42
68 35
18 31
100 27
96 38
90 40
19 17
76 8
79 14
95 41
53 28
41 22
80 3
52 20
96 9
18 3
89 34
56 30
77 10
20 14
83 5
17 9
90 35
28 25
50 5
14 22
69 14
69 23
24 29
72 12
13 23
16 12
96 14
14 34
15 32
41 15
33 28
37 7
36 35
14 9
19 1
41 35
36 38
62 30
80 21
42 16
68 29
20 7
24 36
86 25
18 27
66 34
72 37
1 23
58 42
68 37
20 31
100 6
31 4
28 3
42 31
78 20
85 8
7 26
7 31
50 15
65 34
85 3
97 41
10 28
95 38
2 30
3 7
83 37
76 13
76 28
48 42
85 4
27 28
56 16
28 1
71 39
81 5
39 16
85 4
22 30
53 15
16 9
40 22
95 33
40 38
63 3
3 26
48 17
62 34
46 22
84 34
67 41
41 27
69 42
50 12
89 11
77 31
47 18
14 23
38 30
97 31
83 41
76 14
72 28
10 41
62 4
53 29
89 5
2 12
20 16
84 35
66 37
74 41
98 10
99 25
20 11
78 37
73 4
71 39
10 34
90 26
87 29
90 35
98 4
3 27
24 29
47 14
81 26
78 12
1 28
43 30
46 36
14 9
52 24
56 7
15 37
76 34
67 41
32 42
47 13
100 4
9 22
11 11
73 36
50 24
2 26
5 11
3 42
58 15
70 31
93 32
54 42
2 40
25 24
79 41
31 26
18 24
46 42
13 24
73 30
42 21
35 1
85 16
5 30
4 41
58 25
63 39
95 31
79 17
94 3
38 38
82 40
96 28
28 30
20 24
6 19
13 8
56 35
15 8
73 1
53 22
43 12
5 22
53 19
61 9
78 41
61 1
45 8
87 35
11 2
41 21
92 16
92 17
77 10
23 4
57 16
39 10
49 15
21 37
55 23
72 36
2 36
22 24
4 40
59 30
46 11
42 27
25 3
2 24
55 2
48 20
85 18
66 33
41 25
44 14
24 35
79 40
78 20
8 24
59 23
39 38
5 19
42 7
53 28
25 29
98 26
60 39
15 4
62 13
43 8
91 16
54 15
52 40
34 7
6 7
53 14
46 19
16 16
52 19
6 7
49 18
18 33
78 27
55 42
73 2
1 3
96 26
58 13
69 30
90 4
54 37
10 34
52 27
60 39
80 11
40 13
28 3
51 8
58 18
80 16
5 12
70 41
26 5
66 17
53 28
32 1
48 20
38 37
6 40
87 6
62 28
57 40
16 9
76 10
15 38
22 20
39 30
31 42
65 26
20 3
61 5
8 31
5 42
51 4
70 2
20 33
32 22
30 22
17 12
35 31
88 4
45 3
83 18
52 21
43 40
76 23
13 2
41 15
26 10
12 5
39 39
28 3
86 30
90 36
53 37
19 39
67 18
88 34
41 24
84 10
25 18
70 24
49 16
14 19
60 5
2 21
98 30
30 11
61 1
83 36
53 37
59 26
22 12
91 31
92 9
44 34
52 38
84 3
28 15
4 12
9 20
91 26
100 16
20 24
12 6
31 8
79 37
27 18
2 10
3 18
70 37
100 11
41 34
36 23
100 37
21 19
46 1
90 37
51 40
1 22
48 13
74 4
85 12
9 30
23 36
30 31
9 12
13 8
8 17
6 10
16 13
97 33
81 29
24 32
27 23
74 6
92 9
85 9
87 20
61 1
66 19
45 5
44 11
83 33
82 1
30 32
41 4
59 12
89 5
94 42
35 24
39 16
72 42
43 18
52 3
16 34
21 4
30 23
45 1
50 1
72 15
62 23
49 15
98 22
51 15
48 20
29 26
60 35
65 22
36 17
45 21
54 20
74 40
57 15
72 27
11 19
37 29
75 12
19 35
23 28
83 17
37 41
12 34
51 21
61 5
49 8
20 22
10 36
5 25
5 15
46 24
74 34
14 6
55 14
8 22
67 18
57 32
95 41
99 7
46 11
47 17
83 16
52 7
48 12
15 41
60 14
33 6
100 41
84 29
68 5
22 35
17 6
65 19
31 14
72 14
81 2
69 9
87 16
28 7
98 16
27 25
80 8
13 19
18 6
48 18
1 6
2 11
77 29
89 35
49 41
100 2
36 20
80 35
68 32
45 28
3 20
7 22
63 23
69 25
25 7
93 2
62 1
86 31
72 12
50 3
19 8
81 23
83 10
27 16
26 20
28 12
1 17
44 32
94 34
18 3
67 29
84 2
3 29
61 16
80 16
71 42
59 3
70 26
59 6
86 2
2 1
14 38
84 8
32 8
47 26
22 41
12 29
55 30
68 24
78 34
78 20
28 16
45 21
47 23
63 38
33 21
41 5
31 13
93 24
51 5
41 1
36 5
15 9
25 35
91 24
95 19
87 16
2 22
99 42
4 37
61 23
34 8
59 14
90 6
3 35
67 37
44 25
49 38
44 20
88 7
70 12
83 23
2 34
71 40
56 1
43 7
86 22
80 38
15 34
36 23
33 29
75 6
97 10
30 15
79 15
71 26
6 37
3 23
3 25
54 8
47 19
16 16
45 19
99 37
74 5
2 36
9 40
60 8
84 3
28 36
92 40
56 16
71 20
30 12
100 22
89 20
68 32
10 6
98 28
19 29
44 27
33 10
68 34
76 8
31 11
31 9
31 37
40 31
52 37
14 38
38 34
60 16
48 21
39 30
12 41
94 28
42 23
78 15
64 8
93 17
78 24
2 28
60 25
82 38
48 2
93 24
42 24
53 19
85 37
94 2
21 11
74 34
35 27
88 29
72 21
4 20
69 13
36 36
62 16
8 4
59 36
38 27
25 22
23 41
29 27
4 21
17 33
49 31
100 32
39 7
44 42
10 5
74 13
29 32
52 22
40 23
47 34
92 21
99 36
13 18
89 15
17 28
6 41
40 9
8 25
92 19
37 22
32 13
87 18
39 26
6 23
48 10
45 11
38 39
10 39
41 5
34 2
62 22
67 10
5 23
89 17
7 41
2 27
33 41
91 22
90 26
14 24
55 2
45 7
57 31
4 8
90 5
51 22
25 20
2 17
32 17
97 41
94 35
1 41
59 31
63 34
42 15
29 36
28 35
28 18
86 3
35 39
43 22
77 24
19 30
6 26
7 17
95 4
88 5
75 8
81 37
63 2
8 10
25 27
43 42
15 32
65 3
23 14
20 7
40 13
91 21
65 35
74 41
89 31
5 1
57 8
94 21
69 23
66 31
13 23
41 9
58 30
40 42
94 36
81 15
45 20
55 21
97 18
46 35
97 38
54 7
35 15
94 10
15 30
99 31
40 6
40 37
48 32
96 39
35 39
76 11
100 13
21 17
37 8
63 14
6 20
24 33
60 25
96 17
65 3
31 14
70 21
5 8
79 34
37 27
71 11
57 26
61 36
1 41
43 35
14 21
69 36
32 37
28 40
51 22
18 42
83 12
44 32
77 22
48 16
35 16
54 8
34 14
70 7
60 41
68 11
20 12
94 9
51 25
67 40
72 36
26 31
8 36
12 15
53 28
95 24
56 28
81 23
42 34
32 15
80 11
55 7
69 30
84 2
8 32
45 3
54 8
33 20
91 7
78 40
53 18
17 26
80 13
46 15
62 8
9 34
27 1
7 34
44 12
11 14
30 8
64 29
54 31
11 18
69 7
26 5
26 36
40 12
22 24
24 32
58 37
60 35
25 14
68 34
97 31
18 13
59 38
25 11
58 23
70 39
65 35
13 14
23 36
35 12
34 41
47 6
91 38
52 6
42 21
2 29
91 5
83 8
29 40
6 8
77 29
18 30
93 12
19 26
55 8
1 18
96 39
89 7
41 26
14 28
75 31
51 11
12 40
45 17
15 5
61 11
97 24
45 20
12 21
32 37
59 2
6 38
71 19
77 32
25 42
44 20
84 22
12 18
92 11
46 10
65 11
9 41
41 15
19 33
1 33
42 39
42 21
85 24
87 13
98 39
22 21
63 18
50 23
21 36
53 16
49 23
90 1
14 16
56 33
82 35
80 13
30 14
32 33
39 18
33 6
16 19
84 33
67 13
28 34
28 26
59 17
15 21
64 15
24 12
63 3
15 41
6 41
65 17
5 33
95 36
86 39
10 10
94 32
12 36
98 36
22 36
1 24
72 1
81 23
87 40
46 32
24 21
27 12
43 9
31 2
30 25
53 21
43 22
65 40
36 21
84 6
27 36
79 5
45 7
71 25
11 36
94 18
58 15
44 11
61 30
86 11
90 29
92 28
58 24
44 19
99 40
86 30
16 42
48 19
54 19
26 35
94 23
51 33
35 40
2 32
81 23
80 10
52 39
96 18
87 38
57 14
9 13
34 31
17 22
89 26
6 5
5 27
51 40
6 24
30 9
73 33
85 17
69 42
38 37
4 3
45 31
17 27
63 28
60 32
33 27
22 11
2 34
100 21
74 22
86 1
80 32
62 37
30 34
63 29
41 38
5 26
93 27
49 16
15 38
62 16
17 22
65 20
1 41
41 1
54 3
31 32
45 34
20 33
75 18
14 10
56 17
15 39
29 2
71 41
37 42
85 26
57 2
23 11
59 16
33 16
30 41
54 8
94 3
73 5
23 24
64 4
75 30
80 34
79 19
9 14
37 31
74 7
30 41
20 1
85 8
43 38
49 40
31 40
9 28
26 34
68 41
72 15
51 22
81 28
20 9
53 42
49 34
42 4
79 34
11 6
30 4
73 20
88 27
20 10
25 21
64 29
96 18
69 20
70 29
5 8
94 7
71 23
15 16
77 36
90 21
30 1
2 8
88 14
56 22
47 8
34 9
54 38
54 33
97 18
84 38
68 18
38 38
17 30
11 36
60 14
46 20
13 32
70 40
42 13
2 10
43 31
51 23
82 16
23 24
50 24
7 35
47 6
68 32
28 14
58 5
31 10
25 8
72 42
23 16
43 2
50 7
18 1
58 17
19 37
96 39
54 29
89 2
49 31
96 18
93 34
10 27
47 11
71 16
24 7
8 13
52 36
85 17
29 21
51 20
8 21
23 32
4 7
16 5
39 24
23 14
67 31
25 41
60 2
65 7
43 32
89 34
39 4
41 6
71 35
80 40
6 42
11 26
84 19
65 4
10 34
53 17
59 42
6 12
57 36
24 11
81 24
47 15
48 2
61 15
12 22
48 31
74 37
7 24
88 11
14 35
55 42
27 27
79 29
89 9
12 26
22 34
24 39
99 7
75 25
8 41
55 8
29 32
44 9
20 20
64 8
53 15
73 10
76 35
48 28
34 2
100 14
54 6
5 4
73 19
46 34
36 40
64 25
66 3
93 7
11 33
36 28
55 14
21 33
34 29
26 41
53 29
64 28
33 27
22 24
60 1
83 13
85 1
20 40
17 42
27 29
10 33
16 22
98 5
36 23
37 29
83 4
35 41
98 12
73 25
35 42
2 34
27 20
91 11
54 12
88 17
97 39
36 41
25 29
51 40
5 27
100 17
31 31
7 22
5 32
15 19
73 18
8 12
84 8
85 17
92 39
82 19
71 15
82 7
92 25
14 28
65 40
49 25
60 21
75 37
30 36
5 40
71 28
93 20
55 39
49 31
21 8
34 13
89 2
93 32
64 29
99 5
26 6
67 42
16 35
25 6
74 35
17 21
4 26
74 32
11 24
85 16
46 1
43 16
11 40
11 10
1 17
75 15
67 12
97 24
10 41
92 19
48 17
58 33
67 30
84 30
43 25
81 4
49 42
6 13
16 7
93 33
23 28
13 25
11 16
28 19
22 34
47 7
5 29
18 28
86 22
71 40
15 13
68 10
53 31
84 19
2 12
87 30
96 19
69 8
32 8
61 30
64 37
58 28
71 40
43 28
30 34
79 20
37 5
43 23
94 3
98 29
67 25
56 15
76 9
81 4
30 13
83 9
23 42
44 12
98 38
24 2
27 36
88 27
9 9
48 42
96 29
5 33
7 19
20 18
8 42
94 28
34 15
85 7
37 10
4 20
86 33
77 13
58 9
98 1
17 15
60 38
74 31
67 37
14 26
87 10
28 25
3 13
44 27
45 41
99 35
77 14
17 34
68 5
65 25
63 1
76 35
87 37
62 42
36 41
41 7
17 15
80 19
60 32
18 11
97 24
1 25
11 11
4 5
2 40
96 15
85 34
79 35
96 32
88 31
64 10
31 28
64 35
72 3
43 21
67 42
39 40
73 14
26 42
14 34
40 35
49 34
1 7
31 3
31 2
98 29
73 10
36 1
22 5
55 6
37 1
71 15
56 3
43 11
52 17
95 33
58 33
63 42
36 17
44 14
90 6
6 28
23 14
42 1
97 12
31 1
27 14
43 15
11 12
7 6
44 18
24 4
7 3
31 12
13 15
27 24
15 28
19 27
74 25
54 27
41 42
52 39
99 19
59 29
85 14
75 26
89 25
91 9
98 13
27 32
25 33
40 4
24 23
53 26
69 20
18 13
30 19
40 26
63 18
92 29
9 8
82 14
91 4
45 41
35 30
23 12
84 31
37 28
58 17
38 11
32 42
98 35
32 12
36 18
23 7
42 39
8 31
43 16
71 10
35 11
36 8
61 19
40 10
35 4
89 20
39 32
44 24
26 41
26 17
56 5
75 25
18 18
61 23
17 27
58 12
71 10
80 28
41 28
89 5
39 17
6 16
7 30
14 7
61 11
83 29
34 5
48 3
60 7
53 37
72 36
11 36
91 7
57 31
76 21
38 34
1 1
84 31
14 20
71 18
66 16
50 11
77 11
17 21
6 31
55 23
55 14
37 6
68 26
81 24
92 13
18 4
82 36
99 11
60 26
92 8
27 20
85 18
49 36
98 7
35 26
18 24
77 29
72 27
35 7
53 35
66 5
17 26
55 4
71 25
50 5
95 36
59 14
45 36
70 15
15 9
23 12
41 31
5 21
68 17
7 21
90 6
27 17
46 17
99 30
18 36
59 42
97 16
92 28
4 15
27 23
27 34
89 31
61 29
73 13
54 17
68 9
7 32
29 19
84 11
14 21
83 24
67 21
36 13
8 33
44 1
90 40
28 5
43 18
57 4
78 14
53 20
85 24
18 25
68 42
18 23
24 42
25 2
4 1
94 4
84 3
38 38
43 4
48 35
17 35
75 33
44 36
54 35
39 30
69 4
45 8
76 37
11 10
33 37
23 27
39 21
86 7
50 16
89 39
86 19
16 17
71 30
38 11
19 24
5 17
64 7
31 16
97 10
76 2
57 13
44 13
85 35
35 27
13 27
42 41
14 10
68 10
46 30
52 30
34 39
65 17
94 24
4 34
36 31
58 24
29 13
89 35
96 35
67 41
9 8
93 12
6 6
12 42
90 42
24 30
39 19
48 24
47 14
78 41
21 10
48 23
32 33
46 10
16 2
81 3
64 41
1 38
63 35
18 2
4 2
71 21
18 2
54 2
12 29
79 11
22 28
31 37
64 27
75 15
79 3
35 19
5 25
20 41
53 30
96 32
36 17
42 8
65 33
100 27
77 5
25 12
93 13
71 5
14 11
69 2
38 27
42 40
99 13
86 36
97 20
51 14
66 15
76 39
14 8
84 27
78 9
65 4
82 11
38 34
85 11
74 17
29 18
91 39
35 38
62 14
52 6
52 28
30 13
78 3
72 15
69 39
29 34
49 19
8 30
21 10
22 37
8 3
79 30
95 14
4 6
47 38
85 2
15 28
52 24
86 5
43 21
87 10
40 4
69 39
1 7
45 21
37 12
29 3
24 16
31 5
51 13
83 26
31 12
75 35
46 4
59 31
52 30
40 15
51 25
82 13
33 2
29 31
90 16
70 1
8 13
51 34
78 12
89 10
70 42
86 39
53 22
79 1
5 24
7 24
12 31
99 23
29 27
60 36
55 24
68 28
31 9
97 7
23 32
10 19
88 41
59 41
15 7
82 13
4 35
98 28
61 25
87 27
35 30
67 34
65 15
37 6
30 1
40 31
8 34
15 34
80 14
38 28
56 33
53 12
2 18
84 2
87 4
98 40
12 30
17 39
64 13
14 11
61 38
28 37
55 27
12 20
78 38
44 18
35 10
86 14
75 37
71 21
61 41
58 29
59 42
99 21
28 42
43 41
43 35
8 22
3 6
50 27
72 14
83 14
75 7
20 14
78 37
79 23
78 11
15 15
81 7
100 2
97 19
99 5
23 24
85 12
46 18
28 16
23 40
20 17
86 1
89 9
39 2
17 27
8 4
43 6
77 6
90 40
1 33
85 19
41 33
87 31
43 38
38 3
20 8
16 15
19 6
53 33
72 30
24 34
45 9
84 15
19 31
80 16
16 24
49 33
47 40
95 11
29 35
28 20
96 9
41 1
91 8
97 23
6 22
16 32
10 28
50 41
7 18
21 19
36 42
63 18
38 10
52 6
27 27
86 38
55 41
99 23
65 34
90 17
24 9
21 36
71 39
66 9
25 1
65 3
91 17
86 1
7 24
30 3
32 35
10 34
28 15
27 33
36 15
88 26
49 41
81 11
27 10
5 22
67 9
69 5
63 22
56 40
52 33
62 5
50 34
25 2
36 38
33 30
88 11
60 9
51 30
92 6
96 37
37 18
16 11
7 23
59 3
64 31
31 35
92 11
69 27
59 39
34 42
1 2
40 2
79 39
57 29
72 19
23 30
55 6
14 1
6 28
84 32
2 24
70 35
50 6
58 36
39 24
72 5
61 5
90 12
88 17
36 14
18 24
26 18
67 37
50 31
57 26
82 15
86 9
25 34
93 39
9 5
15 15
11 22
84 38
31 11
86 19
17 9
6 17
56 39
1 17
25 18
47 7
17 25
22 39
75 2
38 38
91 12
32 35
7 33
19 5
37 40
19 24
40 30
84 27
6 38
65 22
25 15
93 39
34 7
8 21
72 8
77 23
74 18
35 42
14 36
91 31
62 8
81 34
14 19
62 17
40 3
86 1
56 9
17 29
85 20
73 34
8 11
3 12
11 21
24 31
77 35
51 22
45 4
11 20
54 30
48 36
21 14
39 3
26 32
7 8
94 36
63 42
35 31
78 39
31 34
81 23
82 3
37 4
22 42
58 28
43 32
80 23
67 13
1 32
55 4
11 25
17 23
29 3
53 15
10 5
27 31
38 32
37 16
34 41
59 34
62 37
49 10
98 29
4 24
7 30
89 41
64 17
7 23
62 26
4 36
43 2
46 7
61 12
70 10
44 23
82 5
98 4
34 5
33 10
22 32
11 16
7 33
2 11
64 21
96 14
26 32
61 35
55 35
17 37
22 13
46 9
93 9
76 7
97 26
6 23
71 1
58 5
81 42
38 1
48 31
69 26
12 22
70 27
74 41
70 8
16 26
97 14
30 37
27 40
55 23
14 38
59 20
32 32
45 18
30 24
98 20
9 1
60 22
70 17
71 27
84 30
21 15
27 21
5 34
2 40
13 18
38 7
12 38
84 3
29 22
47 20
57 11
68 19
93 25
69 17
49 29
85 19
56 23
68 5
14 22
94 1
57 17
35 36
33 7
96 10
5 8
81 41
53 16
60 27
99 40
50 26
51 2
35 29
95 19
29 30
28 19
88 25
1 29
52 12
81 12
16 12
81 37
29 20
6 41
9 11
65 38
76 9
33 24
40 3
42 31
17 34
22 19
94 9
68 23
36 8
74 24
82 2
54 32
4 36
57 9
64 29
39 32
9 22
13 18
3 6
42 12
43 7
6 9
80 25
29 34
25 40
50 28
2 28
36 9
53 37
85 33
47 32
94 30
9 22
95 31
64 30
65 35
38 31
37 4
72 40
13 36
29 3
22 38
49 36
100 3
22 34
12 13
57 4
5 30
95 37
52 3
4 19
59 23
38 33
21 2
14 26
39 11
99 16
39 19
72 18
8 12
48 8
69 17
32 20
93 11
3 15
59 30
34 36
14 36
70 32
67 40
29 33
18 1
71 27
42 37
68 4
7 42
60 7
58 2
32 9
93 42
85 8
53 13
10 12
87 8
42 10
69 30
37 32
89 32
67 36
56 30
100 36
63 18
70 15
24 36
85 39
31 34
75 34
66 37
6 27
7 25
57 22
15 1
38 36
91 18
50 35
26 26
7 16
3 21
82 26
33 21
39 6
68 40
16 25
8 16
13 32
22 7
8 20
58 27
26 1
15 31
13 32
12 33
41 21
69 8
52 5
99 31
55 26
9 23
10 17
32 24
33 37
29 29
24 10
31 22
11 26
43 11
99 22
32 20
11 8
2 7
63 35
59 32
13 42
86 1
95 22
78 20
15 34
75 20
91 27
71 2
95 11
97 6
36 4
82 4
68 40
27 5
13 18
83 9
53 12
32 28
84 7
76 24
91 30
31 37
94 8
66 13
2 18
32 19
5 14
57 29
81 6
17 2
14 4
77 37
33 14
42 4
59 10
82 9
37 35
72 9
12 20
38 22
70 21
42 34
92 40
88 27
77 38
62 39
2 2
87 34
74 23
21 1
62 3
38 39
83 1
93 8
16 4
43 23
92 13
82 4
57 30
35 30
11 11
71 26
22 37
50 27
43 5
38 26
27 35
34 41
7 30
16 22
37 36
32 2
54 40
97 39
62 6
2 31
85 34
6 35
14 21
16 37
83 23
6 37
8 11
72 9
34 42
97 27
57 23
9 1
66 30
97 10
54 37
74 9
66 9
79 10
54 33
83 39
38 31
60 30
93 27
77 22
11 1
39 29
62 39
37 33
51 36
2 8
99 28
96 11
74 22
89 33
4 11
99 19
75 18
59 35
12 28
12 38
62 2
29 4
61 40
16 12
37 24
72 28
12 35
78 17
33 26
14 3
65 32
95 25
75 29
79 40
40 10
67 1
47 31
90 17
7 9
59 42
86 19
44 39
12 36
24 7
34 38
3 24
27 20
80 2
80 37
81 29
38 29
34 14
48 19
39 26
64 25
43 31
99 22
98 1
3 11
96 18
45 35
92 36
6 12
64 31
47 6
83 8
92 31
6 15
57 9
18 42
59 36
63 41
46 9
96 21
48 35
88 28
42 10
10 32
97 23
45 42
48 18
18 24
22 32
24 39
45 18
76 12
15 20
15 21
41 31
23 37
14 39
73 25
35 19
65 27
90 20
69 12
70 6
35 21
65 8
40 9
47 18
35 38
65 40
18 30
7 26
81 18
70 32
1 10
39 40
100 32
21 8
87 8
88 31
46 13
19 33
57 40
63 17
95 15
2 29
21 24
20 38
11 26
70 26
92 18
71 34
5 20
20 1
59 13
100 27
18 9
11 26
7 26
17 2
7 16
14 8
4 5
5 12
69 24
12 32
8 38
78 18
50 13
44 9
75 33
72 31
98 21
36 21
86 32
74 7
72 7
83 4
95 41
69 22
65 24
47 9
4 41
31 4
84 34
4 6
97 21
17 17
79 11
13 38
90 39
21 11
75 2
43 42
24 17
14 22
40 30
84 25
47 28
19 21
39 39
41 8
22 3
91 8
59 30
14 28
20 38
77 29
80 29
58 25
58 11
65 23
13 23
95 21
46 32
29 40
97 40
27 8
84 42
31 20
82 21
82 32
78 9
13 23
70 7
69 29
89 9
91 6
66 3
69 3
2 32
19 18
90 25
8 24
92 30
4 15
49 10
50 31
80 40
25 2
61 9
10 5
32 19
7 27
15 41
21 2
31 15
75 1
84 20
54 17
48 16
27 2
25 31
93 18
44 28
91 26
5 8
28 14
98 15
90 35
32 24
25 36
71 42
28 22
15 27
5 10
37 29
76 26
98 24
1 23
69 21
99 2
23 20
16 27
45 16
56 42
88 26
94 14
72 42
64 24
91 22
67 34
83 38
63 13
75 9
36 11
66 17
19 9
27 36
32 33
54 25
7 42
55 19
98 12
81 24
47 40
40 11
44 10
6 41
64 35
38 26
3 23
63 6
76 32
47 33
57 23
30 35
3 17
28 39
92 36
46 34
41 40
46 18
43 28
55 41
74 22
18 14
90 23
92 37
38 19
60 38
24 9
12 39
77 36
3 26
56 2
82 21
1 1
32 38
32 10
17 42
30 5
99 36
53 8
46 12
42 1
77 14
86 35
89 32
86 37
63 38
14 34
78 21
41 11
70 28
38 42
62 26
93 15
65 2
72 10
92 22
4 32
45 40
78 2
55 16
70 32
17 28
