100 46
900 3279
25 31
89 33
46 23
88 15
38 30
44 16
37 32
45 42
37 45
41 40
55 33
21 32
68 14
34 12
73 44
1 19
20 44
41 39
5 9
91 9
78 4
10 46
100 42
68 30
65 14
79 23
2 25
9 7
43 17
78 33
11 25
65 37
24 25
7 5
39 8
69 1
16 14
6 33
73 31
74 7
11 20
28 14
96 17
60 4
5 43
40 10
70 42
39 38
86 44
87 6
41 27
91 32
13 39
32 45
90 37
1 4
19 42
36 37
28 12
14 17
9 45
76 43
97 27
94 34
39 22
54 20
29 33
43 28
83 10
63 41
64 44
79 40
52 28
47 42
9 42
93 10
57 42
8 44
27 13
1 19
45 20
5 12
2 32
2 24
33 29
55 35
54 2
11 17
75 3
51 7
93 3
80 5
57 46
22 28
51 32
54 10
77 19
25 15
3 28
82 22
100 34
1 15
76 17
2 27
30 18
51 19
30 33
93 10
25 26
51 18
44 8
28 39
55 25
82 1
32 46
58 3
62 8
78 41
86 38
17 36
10 7
28 29
25 15
86 13
12 28
84 41
44 33
40 14
40 20
24 29
47 43
28 33
50 32
44 2
98 14
67 19
77 38
51 31
96 3
47 35
25 35
76 7
98 25
30 37
46 5
45 8
55 19
94 37
60 35
58 46
46 23
91 8
14 4
6 40
50 35
78 29
96 16
24 8
72 43
40 10
47 35
59 2
71 13
64 20
88 31
94 12
97 28
6 35
22 37
74 30
35 6
13 8
37 35
55 26
25 2
22 41
19 1
11 40
1 25
42 6
18 21
33 40
61 42
9 38
38 2
97 46
35 37
31 3
56 9
41 22
19 15
98 39
69 21
2 6
65 4
65 39
73 22
92 44
83 3
3 30
86 27
16 38
9 15
48 12
3 2
38 21
71 9
83 29
54 38
49 25
61 33
79 9
71 22
25 32
80 38
3 45
57 42
41 22
5 24
8 45
56 15
51 12
92 46
83 31
28 26
61 36
93 21
13 13
10 23
17 7
64 32
85 16
25 3
9 21
13 11
12 19
69 14
71 39
75 22
45 6
82 7
69 10
25 45
21 22
49 31
58 45
19 11
83 29
34 17
34 9
28 25
95 43
34 44
92 39
8 8
92 11
11 30
27 4
47 24
37 40
75 1
38 4
7 39
1 2
9 1
31 14
8 30
76 11
70 11
30 24
83 35
12 12
66 27
78 40
87 28
10 10
32 9
19 5
93 19
84 24
23 21
47 32
47 43
78 41
34 34
72 27
12 45
84 38
65 3
62 17
89 32
37 4
7 12
83 43
50 10
46 20
86 11
4 36
61 14
90 4
86 40
80 28
62 11
14 32
86 46
4 1
94 28
6 25
76 18
12 9
22 33
72 40
7 4
85 13
18 42
59 14
23 42
43 20
35 24
28 10
10 40
17 4
98 41
68 3
17 15
12 15
33 22
27 33
17 5
85 29
1 2
73 18
35 25
16 17
31 37
62 2
16 1
9 17
88 4
26 10
37 16
43 31
15 7
10 9
43 8
11 40
77 7
19 1
31 39
22 25
45 32
23 18
19 16
94 5
40 33
99 43
89 7
40 34
44 18
53 15
72 26
99 35
77 41
72 39
48 31
88 22
49 24
85 40
37 5
35 12
28 31
88 11
92 5
83 17
91 24
89 4
13 34
41 1
20 19
76 5
27 7
23 5
40 31
23 43
89 45
47 26
1 36
14 4
17 8
64 41
11 12
20 33
35 21
81 40
67 15
66 32
60 5
28 18
57 34
84 9
62 2
42 23
5 14
69 22
65 29
2 25
43 40
61 2
33 41
43 40
27 25
14 16
91 19
92 16
65 30
34 18
81 33
71 15
76 13
99 20
25 31
79 24
97 19
39 33
63 29
100 17
73 7
70 38
80 6
48 29
31 37
100 38
49 17
10 16
11 42
80 29
65 12
2 15
82 15
54 20
65 8
9 38
24 12
86 28
94 30
96 18
5 12
99 44
19 38
13 4
87 11
46 11
72 23
77 27
7 21
54 45
6 13
28 46
53 45
53 22
31 25
69 1
66 28
5 17
94 3
9 15
82 28
49 18
93 18
61 22
42 14
71 28
18 2
5 19
72 16
41 6
69 21
60 44
94 29
38 32
98 35
75 45
43 40
79 13
5 36
39 15
6 36
35 29
49 9
75 30
61 39
66 30
19 8
49 32
67 37
33 24
17 28
30 10
32 19
1 5
69 25
15 9
82 13
45 29
5 45
87 44
47 46
78 41
76 16
13 29
51 9
63 9
1 35
94 17
55 43
47 46
51 33
31 19
86 38
64 44
31 25
19 23
50 5
57 25
9 18
67 9
1 13
19 38
7 37
92 1
64 22
70 1
100 31
40 40
47 25
93 11
8 37
62 22
14 21
29 33
23 6
55 4
3 30
60 1
14 32
48 42
49 41
66 27
6 11
20 2
23 21
18 42
100 33
64 29
89 24
18 26
30 44
6 23
53 28
30 31
19 22
30 37
6 24
88 13
11 43
41 3
12 42
20 3
54 33
38 7
16 36
54 23
22 38
10 30
64 30
1 39
46 39
44 11
99 14
96 46
5 16
86 27
94 25
95 35
59 10
82 31
86 18
22 12
35 19
41 31
93 41
55 31
76 45
54 19
70 41
90 26
100 42
79 33
62 15
9 3
47 29
6 21
75 8
2 40
65 20
67 10
54 35
93 12
43 16
80 3
97 9
3 42
11 8
46 9
72 40
60 33
38 30
71 22
4 35
28 8
39 5
70 32
65 34
85 20
33 9
27 29
96 33
75 36
74 30
63 32
4 21
28 10
92 24
63 33
73 41
45 8
28 25
83 34
93 44
29 4
54 21
46 2
86 20
81 42
72 23
74 19
60 9
69 9
85 39
84 39
55 38
44 27
46 44
72 30
10 4
77 21
94 36
21 15
85 14
18 7
11 34
51 37
26 4
26 4
100 20
78 34
61 25
83 38
63 45
53 20
30 39
53 38
91 23
65 45
23 31
3 30
20 43
51 12
78 42
39 13
62 35
36 35
66 8
36 4
43 26
23 21
98 16
95 19
76 6
10 37
15 6
24 5
16 36
13 18
98 4
5 8
37 30
11 1
87 3
10 38
53 35
68 6
8 24
94 6
97 38
39 37
64 2
54 18
36 35
7 15
83 2
4 37
71 6
94 38
34 45
73 30
79 38
52 35
47 22
14 2
77 41
59 35
61 2
79 43
2 3
60 39
32 22
77 38
100 14
63 18
16 16
49 21
26 8
85 19
47 18
66 24
56 28
82 20
32 20
33 13
7 27
72 12
53 20
97 35
66 20
81 24
22 18
91 26
4 25
39 24
4 26
52 12
93 24
54 9
72 43
48 29
100 8
58 5
71 29
82 7
47 6
23 20
63 40
6 40
48 33
66 16
3 14
28 11
67 15
4 4
47 6
63 1
82 10
17 7
94 34
52 4
18 38
35 40
24 16
36 20
57 38
31 12
12 22
57 39
98 20
74 16
55 22
77 24
80 29
12 3
83 18
54 26
93 39
73 15
79 6
73 46
52 36
68 5
6 44
8 6
51 21
49 28
16 17
65 38
26 22
53 21
36 21
70 20
31 6
68 40
4 21
15 31
60 37
72 30
30 46
71 35
27 25
61 11
70 11
36 35
4 2
36 3
15 8
57 24
9 24
44 37
66 12
51 16
67 31
27 46
76 20
89 8
32 37
22 15
97 30
41 23
87 28
4 2
92 35
88 17
63 6
31 5
60 42
21 10
63 42
27 34
36 9
31 36
46 36
70 12
60 14
72 41
89 16
86 19
92 34
51 27
48 7
39 37
59 28
75 29
73 35
17 36
78 40
80 8
13 13
65 23
89 38
12 6
44 37
62 42
82 34
53 2
85 14
42 16
5 23
76 33
69 40
80 2
13 16
76 33
73 28
16 35
12 23
71 4
56 32
97 15
16 33
28 5
54 2
79 5
87 19
93 43
82 37
21 18
100 42
21 16
10 16
40 33
71 21
63 25
82 26
59 8
50 27
92 12
41 16
56 15
29 13
16 39
42 46
68 11
52 31
37 1
57 2
91 29
29 22
66 28
78 34
81 31
61 20
77 11
3 38
94 10
95 46
15 24
89 7
4 3
43 1
32 24
11 5
19 1
83 16
65 42
11 33
91 4
47 26
30 40
77 41
23 16
57 4
45 9
53 46
12 1
27 18
69 29
60 3
100 13
15 23
57 29
45 42
91 7
11 45
19 35
59 41
38 5
46 4
35 9
98 40
63 34
11 29
18 11
47 8
84 5
8 30
53 39
53 15
49 33
35 22
42 46
24 43
2 7
39 28
4 38
27 5
25 44
50 26
19 15
8 2
30 24
15 2
67 34
85 12
57 6
71 19
91 33
55 7
15 42
64 4
28 46
52 6
4 34
54 8
42 28
97 45
37 41
49 35
15 39
87 21
15 9
76 16
97 6
49 45
42 34
71 13
87 41
30 10
59 17
14 6
11 20
32 17
61 44
68 46
84 20
64 5
44 43
88 36
21 21
40 46
60 43
34 13
19 19
10 14
52 32
30 42
57 40
94 30
92 22
81 15
8 44
1 21
61 23
84 23
25 21
8 2
49 9
98 25
75 9
39 12
11 39
29 22
11 3
95 2
84 36
82 18
50 11
36 6
37 34
68 9
43 38
99 34
38 20
16 9
97 42
1 42
80 41
24 4
76 41
65 31
91 36
28 24
97 11
87 30
19 21
86 2
96 6
63 5
32 42
90 37
27 33
20 34
78 26
38 14
11 36
40 24
51 1
37 15
69 22
71 30
52 24
1 1
47 27
45 15
72 4
30 40
6 9
26 3
81 39
42 11
52 44
15 18
67 20
97 17
37 7
11 7
34 17
16 28
11 44
17 5
23 18
48 29
13 9
9 17
64 24
91 11
94 20
38 35
74 34
66 16
74 7
96 13
33 17
7 27
40 11
76 34
26 31
45 30
26 44
44 8
11 43
21 21
24 19
20 18
7 15
19 35
11 12
16 20
14 11
79 8
37 20
70 9
1 7
30 9
61 26
87 32
51 11
40 41
15 11
70 28
11 4
65 23
29 38
88 38
44 46
54 19
18 39
95 42
35 4
24 32
11 29
49 41
63 13
85 18
11 6
91 25
100 2
47 7
40 23
37 10
84 2
67 21
66 34
41 29
39 25
84 3
47 15
34 11
64 12
100 40
69 39
85 16
52 37
43 22
27 12
45 6
72 24
32 7
27 11
91 6
68 27
100 3
7 21
49 22
93 40
1 23
87 45
25 24
57 11
25 40
44 38
51 6
90 12
25 41
36 19
97 15
50 31
4 18
46 37
98 29
63 24
88 6
95 37
76 26
22 13
65 21
29 18
53 32
54 2
20 2
74 45
10 28
39 7
16 1
88 44
74 32
95 37
66 39
81 8
18 27
86 9
34 42
98 22
1 44
40 40
35 16
76 6
4 35
1 34
92 22
49 15
17 28
58 22
42 15
18 27
34 10
62 34
8 2
96 13
61 41
15 11
39 14
80 13
48 14
77 41
100 1
79 3
94 16
60 3
53 5
84 36
74 40
43 15
67 15
90 12
1 39
84 45
78 29
28 22
88 7
99 43
86 11
5 26
28 27
2 3
11 36
74 26
12 22
52 7
89 45
73 1
26 27
74 22
82 10
2 5
87 41
5 41
48 20
98 33
58 14
97 4
27 40
21 36
12 26
18 30
78 36
62 31
26 32
37 7
99 15
18 3
88 11
64 17
4 34
97 7
24 5
1 26
56 8
11 22
86 22
97 22
41 33
97 17
45 37
23 23
25 2
28 25
66 8
88 38
7 23
15 39
51 6
79 28
7 34
100 1
63 17
76 8
80 20
14 21
92 18
98 4
53 46
71 23
17 34
62 23
64 23
53 46
80 37
79 19
83 19
17 3
31 39
55 23
15 23
69 36
57 9
46 20
32 3
81 16
57 18
70 22
64 4
7 34
44 24
81 24
10 39
40 29
53 1
73 22
99 43
100 17
19 18
46 45
72 21
84 3
82 33
34 36
95 12
50 17
22 31
65 35
34 39
50 32
52 27
49 36
85 39
47 31
45 26
27 17
74 39
73 1
20 3
4 46
26 20
44 9
12 20
88 10
10 39
59 27
50 11
36 33
67 37
8 15
17 22
13 4
60 2
98 20
36 23
89 39
38 39
81 21
48 19
10 21
85 15
78 21
71 4
66 41
17 45
28 37
84 19
33 8
7 6
57 34
75 35
64 24
19 43
6 10
46 26
63 21
63 22
51 22
98 29
100 39
15 16
24 44
64 25
60 44
70 18
76 12
4 20
49 28
83 27
98 2
27 19
99 22
60 34
46 8
24 46
87 9
66 22
57 45
43 13
52 44
74 26
84 36
33 21
74 34
45 11
14 2
55 9
92 11
20 1
80 8
7 2
34 30
82 21
19 9
94 43
72 10
1 8
34 40
61 12
48 41
70 2
53 26
35 8
100 27
30 38
76 42
62 7
98 11
12 28
32 44
79 46
88 22
83 32
31 14
7 31
8 11
8 38
40 1
83 9
29 14
47 4
37 22
23 45
74 30
59 4
58 30
40 15
60 34
92 17
89 37
11 8
83 40
52 36
90 28
51 21
61 39
62 42
40 3
94 20
16 45
56 16
63 37
12 20
100 25
71 7
95 6
95 26
84 7
5 11
94 25
46 4
7 4
24 24
24 2
23 23
55 16
69 7
24 10
6 32
3 44
90 7
66 25
71 11
82 5
25 9
64 2
51 33
50 31
63 3
15 42
38 15
8 25
42 13
97 28
66 27
19 13
23 17
51 4
47 3
32 4
99 2
57 35
34 31
62 27
49 31
26 5
42 35
50 28
27 35
38 20
78 40
62 44
27 17
74 35
26 1
11 4
83 46
28 21
20 3
25 2
27 29
51 8
89 37
67 24
93 12
92 31
74 27
62 26
27 43
87 42
34 9
49 4
35 46
93 11
54 27
89 29
69 20
87 14
72 23
100 4
69 45
1 2
79 32
2 19
2 34
29 6
56 13
85 38
27 21
18 10
43 32
99 23
15 22
39 23
47 16
73 32
10 16
74 23
78 3
64 39
100 31
43 32
45 38
93 35
70 6
91 43
46 28
18 35
52 45
3 6
55 7
100 19
37 14
35 13
11 20
39 5
58 24
6 3
62 45
84 35
33 6
27 22
47 24
62 3
61 7
31 43
51 42
79 30
76 15
24 29
15 30
89 28
20 45
63 3
40 39
92 26
32 15
28 46
28 17
40 9
23 8
51 42
26 8
38 33
51 23
34 33
15 21
62 16
54 1
86 19
74 3
79 19
4 17
43 34
57 46
80 36
18 45
10 39
47 40
39 28
61 9
45 25
89 39
94 31
41 6
52 45
47 27
89 28
100 23
90 21
12 13
94 26
61 23
18 28
91 31
18 15
97 40
46 19
7 7
40 10
37 14
22 33
94 29
2 18
33 6
83 1
41 32
30 21
39 17
58 21
93 10
96 28
34 22
92 41
66 14
38 26
84 4
89 4
68 37
68 8
34 32
54 9
97 40
20 44
51 23
79 17
100 9
23 35
59 34
42 14
23 45
69 19
40 26
63 12
26 19
16 36
39 33
93 22
84 35
99 29
65 27
2 28
73 42
47 38
63 19
59 5
45 5
10 31
3 8
75 5
8 32
99 17
19 16
83 15
5 30
40 37
74 4
54 18
14 13
6 15
15 13
34 8
4 14
87 37
33 24
56 25
39 29
57 12
44 24
74 35
77 22
68 24
80 13
25 11
7 43
52 46
22 32
27 11
92 28
31 28
56 2
86 42
71 19
100 41
38 9
2 46
99 44
86 13
91 7
42 17
25 27
79 43
70 40
32 6
59 41
40 35
25 30
80 40
55 2
8 38
30 6
23 11
92 15
75 20
57 33
12 30
78 30
54 24
10 6
22 4
21 21
85 16
56 25
30 31
64 37
10 38
26 1
25 21
13 8
39 12
22 43
92 43
28 10
67 10
11 17
5 39
59 27
51 25
11 8
50 30
61 16
64 6
78 29
71 27
5 32
5 20
88 5
20 27
12 11
21 8
25 29
64 4
22 8
51 24
10 37
45 23
87 22
81 31
49 43
8 10
69 18
4 7
55 10
24 7
82 44
83 2
20 25
20 40
47 36
14 40
23 29
11 28
53 40
64 26
45 34
98 2
71 37
24 20
76 5
30 45
5 6
69 30
96 24
42 5
87 16
87 25
97 14
90 16
84 9
29 11
3 23
40 25
45 39
59 6
95 39
1 17
21 34
81 22
71 22
35 2
8 45
69 10
56 35
7 12
25 12
71 26
65 13
2 25
3 8
3 18
99 46
26 18
91 16
7 2
99 21
2 36
57 8
80 1
1 14
36 6
61 21
63 41
60 12
30 46
28 28
98 46
68 26
80 15
30 9
2 26
37 17
16 3
56 42
74 26
5 13
2 15
58 45
3 19
76 25
1 19
71 19
49 27
75 31
18 30
43 8
53 39
9 14
45 11
78 9
39 2
57 37
95 1
6 19
67 33
58 43
53 36
27 19
41 41
25 1
66 33
57 12
93 39
27 44
28 19
52 9
68 30
91 16
39 16
22 35
64 22
9 21
15 40
96 11
50 35
36 22
36 35
20 31
88 36
53 19
72 21
46 24
83 31
16 1
64 8
8 29
90 36
75 38
58 12
59 29
78 26
47 10
64 27
69 2
68 25
98 33
4 31
70 34
48 6
98 37
44 4
81 4
16 45
90 28
54 25
69 5
31 38
91 31
20 8
20 12
76 38
18 23
64 2
49 40
80 31
7 46
61 40
9 33
12 32
99 16
1 35
27 26
30 26
38 26
9 40
28 31
74 12
68 46
47 24
20 15
45 39
43 36
81 26
36 25
92 26
65 23
84 45
87 41
89 24
88 11
32 34
18 4
49 1
34 40
45 40
62 45
39 24
98 11
96 10
90 10
49 17
67 19
61 6
62 24
98 24
69 13
29 7
14 43
21 26
72 8
59 14
93 13
10 33
40 27
62 21
12 41
50 13
40 13
57 35
31 35
34 6
38 45
66 36
69 25
56 1
2 14
39 38
40 9
47 17
65 36
78 37
12 9
26 14
100 11
49 32
88 25
7 12
93 15
87 3
59 24
3 26
68 3
76 18
69 6
84 26
42 39
80 27
71 42
96 20
52 7
34 46
11 5
15 43
99 40
90 30
47 42
84 3
5 20
91 29
31 14
91 4
19 15
6 1
44 32
37 24
49 35
9 42
68 38
15 20
3 7
48 43
27 42
67 26
58 40
64 8
69 26
58 28
90 12
86 38
98 36
99 32
7 3
63 25
36 4
32 39
62 13
20 16
90 27
99 29
38 38
71 42
78 13
7 35
71 12
7 40
24 16
60 46
85 21
27 40
11 33
60 14
59 41
44 36
49 20
36 1
11 6
89 25
3 14
77 22
95 30
48 18
55 15
13 46
62 26
52 27
74 40
74 36
49 20
49 13
36 2
74 31
4 24
41 31
69 21
98 5
8 3
28 16
89 5
20 30
26 16
11 5
8 38
25 33
33 5
5 22
88 10
78 22
69 11
85 21
15 46
39 8
81 26
78 21
82 45
57 9
9 30
38 11
31 23
56 36
46 10
94 29
69 26
75 38
33 18
90 38
15 39
18 3
67 16
76 19
81 19
20 6
41 1
77 2
96 42
11 12
13 33
63 4
57 13
81 8
9 22
44 8
29 3
26 16
26 43
1 19
91 11
82 45
83 10
36 27
64 2
54 9
49 41
46 4
28 1
38 12
100 30
58 22
37 27
85 42
76 26
60 23
94 30
75 43
56 46
12 4
18 30
91 24
56 40
73 35
20 24
69 3
80 26
62 34
32 24
38 7
72 28
48 21
47 3
31 16
46 4
47 33
25 12
53 34
19 46
61 35
9 21
2 18
77 4
8 17
12 18
82 23
19 12
84 37
87 42
12 39
27 32
51 27
99 11
48 41
80 12
67 40
62 25
39 42
5 43
41 6
59 14
55 30
95 19
45 33
20 34
20 22
68 46
32 20
23 33
99 10
6 10
65 42
79 45
55 28
52 38
40 3
71 8
11 24
72 29
77 23
70 24
25 39
73 19
94 44
66 23
7 36
28 35
62 26
77 14
15 29
77 7
53 9
94 33
97 29
78 16
56 25
96 26
44 15
39 44
35 17
100 4
84 29
75 18
63 15
66 40
45 33
65 5
10 9
44 10
27 23
25 15
44 43
96 20
67 13
89 43
16 4
30 30
5 35
19 21
21 1
4 32
41 21
82 23
17 12
55 34
1 44
53 20
81 38
39 9
25 7
7 3
93 14
19 33
65 17
53 9
63 38
82 6
59 40
85 14
100 14
93 37
39 14
87 46
14 30
42 38
76 31
83 44
20 24
68 37
2 24
14 30
23 36
50 4
81 43
46 31
66 44
68 34
8 33
60 17
50 15
87 14
67 36
42 31
25 14
67 19
13 18
94 3
39 36
28 26
23 42
19 46
32 5
67 27
86 42
29 20
85 4
32 34
99 40
90 39
30 2
64 42
83 38
20 16
69 23
70 15
63 18
71 4
49 3
13 15
96 39
92 29
28 33
85 15
9 8
31 27
17 6
16 8
6 40
33 28
24 9
10 26
10 10
86 18
53 35
7 16
17 42
83 19
2 25
38 12
37 10
44 19
66 14
1 2
42 10
98 24
25 38
98 30
18 6
47 42
2 33
46 35
31 41
28 36
41 22
93 38
8 9
48 9
12 3
37 38
18 33
19 19
13 1
38 23
24 7
63 1
12 42
90 37
43 26
66 24
19 25
58 13
91 30
80 8
42 21
22 39
73 27
31 18
90 6
32 8
18 30
17 23
20 34
4 29
75 18
17 44
97 24
33 4
92 6
74 17
8 9
65 39
94 24
63 42
71 33
86 45
22 4
2 18
76 27
87 29
63 1
21 39
17 42
97 42
30 31
36 34
78 27
8 33
10 29
58 29
91 34
55 3
63 43
98 34
54 27
68 42
90 19
88 18
91 44
4 14
64 42
86 14
51 1
59 29
57 32
13 32
5 20
80 25
60 9
30 42
87 31
85 34
65 42
77 10
94 32
91 23
69 10
6 22
96 35
2 28
73 26
52 23
11 29
92 4
24 21
86 3
11 1
54 2
66 20
93 26
43 3
71 37
18 26
34 14
66 38
24 1
31 46
7 30
66 6
41 35
37 1
12 27
92 5
46 3
54 29
88 21
65 11
70 10
28 10
94 13
66 35
52 15
88 39
79 35
81 26
65 35
58 22
69 39
4 40
39 18
35 11
80 10
37 14
19 12
85 12
29 28
88 20
90 25
69 23
30 5
45 38
91 1
49 36
91 18
64 36
53 22
54 44
55 5
1 3
63 34
75 3
12 10
79 17
58 36
39 6
15 14
93 46
48 32
16 38
17 33
90 31
59 31
66 23
86 2
96 9
40 24
50 26
76 10
97 23
85 43
58 31
24 17
41 10
56 24
84 23
9 34
96 26
17 1
61 27
9 18
31 4
70 9
67 40
61 37
17 43
44 33
24 11
43 18
1 46
61 41
100 46
71 23
37 41
92 12
10 40
23 41
64 38
58 18
55 33
64 43
46 31
28 38
40 25
93 22
56 7
31 3
28 46
23 5
85 46
25 16
63 23
37 40
84 12
92 16
83 40
44 26
14 18
75 19
2 38
71 38
76 27
2 34
61 43
84 4
28 22
2 45
27 14
54 22
50 28
61 41
75 11
21 23
31 30
88 33
6 41
85 29
29 30
43 25
7 20
15 17
5 15
64 12
82 35
88 42
79 24
13 25
17 37
40 42
71 42
93 44
71 26
29 6
73 32
52 5
59 17
12 33
27 9
41 37
29 28
85 18
77 9
69 8
58 7
34 24
40 6
98 43
92 24
37 7
20 8
13 15
72 18
31 3
79 37
88 44
32 5
18 9
44 34
58 5
18 22
17 9
94 7
59 12
99 13
54 9
94 2
90 38
67 42
53 19
38 17
34 26
75 34
97 19
53 7
42 5
52 9
88 25
19 19
63 43
3 12
13 13
14 20
10 2
74 38
27 33
72 22
77 8
58 9
47 33
50 34
98 24
29 45
76 46
95 2
43 23
64 10
28 39
45 33
13 34
24 23
14 32
43 25
89 6
100 25
53 1
26 12
88 10
89 11
27 25
79 42
60 27
53 31
57 24
64 26
5 6
30 29
85 28
83 28
35 27
52 46
67 36
28 31
16 20
76 18
48 46
52 10
70 6
92 31
17 29
77 25
69 21
30 5
63 32
68 45
46 3
38 26
82 4
80 41
81 26
23 19
90 30
33 29
84 34
9 36
55 6
52 31
80 13
84 18
35 46
49 42
33 28
51 1
45 31
40 22
28 22
96 17
31 37
70 2
31 14
21 36
8 7
79 41
55 37
99 33
34 9
89 46
71 36
74 11
59 5
68 21
20 39
31 17
5 7
98 9
9 19
66 14
25 31
1 8
66 27
26 46
97 36
43 9
68 11
34 41
13 42
21 41
84 18
70 10
1 23
91 6
48 44
39 8
81 45
37 17
92 43
50 16
85 17
3 1
58 21
29 35
14 6
78 16
74 6
53 21
46 31
73 43
77 44
57 14
55 45
39 37
27 21
20 15
49 26
86 1
91 30
5 31
44 26
77 2
96 4
80 27
58 18
48 29
55 18
87 19
32 21
84 29
52 42
11 27
41 3
11 35
48 46
90 20
88 33
54 6
2 15
43 13
52 37
36 30
54 1
72 41
15 29
18 32
30 38
55 14
65 42
1 26
13 46
91 14
58 33
96 6
69 25
66 43
79 39
50 34
63 46
76 24
56 17
75 11
15 27
99 10
55 21
36 27
45 40
94 46
100 38
88 46
57 43
82 8
18 9
91 20
92 24
15 15
95 26
24 11
82 15
20 26
51 28
81 24
84 17
3 37
18 28
79 5
23 25
11 4
6 6
95 1
72 33
49 19
6 24
35 9
83 33
96 3
50 3
19 32
24 12
100 14
39 6
70 42
2 44
15 39
14 34
98 20
40 3
44 29
50 10
54 13
38 15
62 43
19 30
86 39
91 14
22 24
55 30
63 12
71 8
94 30
89 10
55 3
23 25
86 10
79 45
21 10
89 2
28 6
94 23
42 30
95 34
83 27
9 21
73 5
89 40
57 23
98 3
7 7
44 24
73 9
5 8
71 29
58 32
37 36
26 23
57 38
38 13
10 1
77 11
6 30
82 5
50 22
78 35
26 15
96 32
21 23
60 5
85 31
50 29
97 20
13 19
74 5
71 42
75 27
6 35
92 8
59 27
92 39
34 19
19 39
14 21
98 25
59 6
13 40
54 9
26 6
10 20
33 28
40 44
6 34
29 10
85 9
87 37
39 33
24 13
56 21
7 18
85 42
100 38
19 10
18 19
98 41
79 9
90 42
40 39
52 15
2 6
27 28
80 23
20 20
85 28
94 38
84 41
63 11
34 32
53 31
15 7
87 40
60 32
54 11
60 34
72 7
70 17
86 30
18 23
51 29
6 35
2 18
83 28
85 15
16 34
28 12
23 9
14 25
68 41
99 8
57 20
58 17
60 36
31 41
18 46
68 38
62 34
6 42
54 12
45 17
2 13
29 29
60 20
70 29
15 27
83 28
17 40
16 4
88 5
4 20
94 41
44 12
91 34
31 22
31 29
50 24
57 15
59 14
49 11
48 19
49 1
10 2
14 20
22 6
81 24
29 35
94 22
19 22
88 21
71 38
35 10
39 5
8 35
52 20
1 13
23 15
98 28
34 28
63 36
69 17
8 31
70 13
92 3
62 29
44 2
96 46
50 20
16 12
65 32
4 40
3 14
7 15
34 11
20 12
98 3
11 2
10 36
3 37
23 23
58 4
66 27
70 20
79 6
20 31
49 6
9 36
24 25
32 7
16 25
31 21
91 21
6 44
35 2
74 6
51 17
62 28
33 11
34 44
34 28
44 40
63 16
37 2
66 27
36 32
47 9
6 32
45 43
15 22
89 11
70 6
98 8
71 11
94 27
44 40
83 33
34 28
84 27
73 1
90 26
45 36
88 9
10 37
12 35
76 25
5 28
6 40
66 11
10 7
24 44
6 27
27 7
43 8
50 8
100 32
26 32
99 27
5 3
44 9
11 41
29 2
9 14
100 46
79 27
54 45
18 34
81 25
45 21
46 2
64 1
40 18
31 12
75 30
76 20
41 42
59 23
96 19
52 15
8 15
13 33
30 3
14 18
13 26
58 9
53 43
47 23
33 6
73 15
5 17
43 42
17 37
55 28
4 29
8 29
68 13
1 11
27 25
94 45
2 24
50 45
32 29
50 41
67 46
11 31
12 41
38 39
100 6
74 8
56 4
6 29
16 41
35 23
40 25
81 40
48 27
65 46
47 45
47 26
58 3
8 20
72 40
78 15
69 4
97 30
81 16
47 24
23 38
39 31
68 30
87 26
47 46
31 12
85 13
53 12
95 17
76 27
93 4
2 28
55 7
9 42
48 31
75 43
79 4
32 20
57 11
77 26
6 31
43 11
61 33
28 36
86 9
72 29
8 26
70 12
51 44
79 29
80 10
37 15
10 19
14 23
51 43
32 10
60 34
12 28
84 2
80 19
28 31
11 37
64 29
39 22
31 36
98 18
11 39
67 1
76 25
36 19
60 33
81 35
36 9
18 19
21 35
34 38
1 33
44 23
73 41
83 22
62 25
19 26
57 9
23 26
37 14
93 10
35 4
29 38
36 38
100 1
27 20
66 18
37 11
55 20
14 18
6 4
71 8
32 7
81 38
1 2
18 30
44 46
32 5
74 13
76 9
5 5
49 5
48 14
10 17
60 7
8 18
64 35
92 1
7 17
44 43
46 39
95 34
84 22
66 23
48 46
67 5
25 1
96 21
44 44
67 9
2 14
70 36
63 37
89 9
84 12
30 13
62 25
3 21
37 25
1 14
98 25
51 18
9 44
20 37
61 21
52 4
82 15
22 36
37 29
12 27
50 14
34 6
82 38
44 15
61 7
90 31
11 1
100 27
40 7
63 39
4 40
12 4
43 29
4 8
26 45
6 10
47 46
12 37
36 18
87 36
36 41
53 38
28 15
88 3
74 14
20 11
51 7
24 2
5 6
56 26
33 34
59 18
19 34
37 1
42 28
44 6
78 46
79 18
72 27
8 1
51 11
65 34
1 6
1 13
50 23
70 43
53 40
97 37
12 43
53 34
38 31
14 12
81 44
6 33
83 6
42 9
29 18
92 43
71 43
20 2
60 14
70 23
82 33
70 32
97 40
63 25
26 6
47 11
25 27
65 10
43 6
77 8
4 10
25 13
62 38
65 39
53 30
16 7
1 46
57 14
71 12
98 7
15 15
35 4
64 1
13 5
18 39
49 34
98 1
38 26
24 26
6 35
1 23
73 34
75 13
94 25
10 24
95 19
18 22
46 23
29 44
67 46
26 35
7 10
30 21
16 21
20 35
77 12
20 40
72 9
41 23
78 35
32 38
5 18
44 45
18 16
96 27
81 5
15 8
10 10
31 21
62 17
28 8
33 19
13 28
1 42
40 46
18 5
20 1
43 10
100 19
53 24
39 37
48 9
95 38
75 21
55 12
80 21
59 3
29 40
51 33
24 4
87 17
7 11
7 33
41 17
32 20
76 16
75 35
96 25
61 29
6 43
6 3
8 23
57 37
98 3
47 42
79 37
79 38
100 34
44 18
43 30
72 7
49 16
51 46
34 12
51 42
98 45
13 34
80 13
17 18
13 9
73 13
84 16
9 33
91 34
75 27
49 40
93 24
83 32
91 38
91 9
21 23
39 34
39 46
69 31
43 20
63 36
46 31
53 10
50 34
65 22
42 44
98 8
29 32
2 24
22 8
30 29
31 33
83 9
64 37
3 1
34 27
24 35
93 3
19 13
6 2
1 40
88 19
64 3
41 38
11 8
21 9
54 5
76 36
37 18
26 41
55 15
30 37
90 32
77 23
87 46
5 34
3 36
18 15
17 1
100 17
90 39
56 17
40 30
45 31
87 45
3 33
63 44
80 32
12 31
33 14
7 41
18 24
21 3
43 24
12 32
96 12
74 17
15 9
30 28
15 21
52 27
17 38
23 25
23 26
94 10
37 6
38 23
11 39
27 45
68 30
60 25
81 14
24 16
39 41
94 26
88 17
10 14
56 12
73 43
41 15
4 13
27 18
72 35
17 30
4 38
18 22
49 32
73 19
49 32
5 8
21 33
62 10
45 44
6 9
89 33
35 42
76 23
66 41
73 13
27 11
94 34
56 22
29 44
29 17
100 4
42 4
53 18
46 4
84 2
60 35
94 20
2 44
1 20
96 12
9 22
21 2
7 44
32 8
12 38
81 41
62 35
58 14
97 3
1 27
58 33
4 16
49 27
18 24
21 14
53 45
68 46
87 26
93 5
1 36
45 5
57 19
15 41
36 11
21 24
56 24
86 36
72 13
93 25
67 13
7 7
41 7
34 35
65 1
65 39
26 22
88 31
100 18
59 39
76 33
59 40
10 25
93 4
72 23
91 10
50 21
69 3
15 13
48 3
15 6
78 4
84 25
35 42
10 15
41 13
12 44
76 35
57 46
47 42
77 11
16 19
82 29
28 37
19 33
5 8
38 17
75 44
68 24
50 40
38 15
28 8
25 20
36 35
51 10
87 35
40 3
72 10
54 10
99 36
99 20
25 45
23 17
32 19
20 4
79 35
5 14
45 7
18 6
7 5
61 7
5 20
8 32
100 33
86 45
56 29
54 13
9 28
68 17
6 43
78 16
60 17
50 22
72 38
37 10
91 29
82 12
55 4
93 40
16 7
2 31
20 34
2 10
71 7
12 41
16 3
13 39
63 38
58 16
29 8
68 5
76 41
39 13
24 43
68 10
47 26
16 22
9 5
71 10
33 1
82 44
94 23
40 43
6 13
10 46
11 16
17 15
50 29
85 14
15 9
85 37
2 16
42 30
19 31
63 10
2 37
98 42
79 30
75 30
13 18
63 22
90 21
52 37
78 14
33 16
83 28
67 31
9 28
55 39
25 35
74 20
29 3
28 2
52 1
62 44
74 25
74 1
80 30
7 1
3 29
39 9
20 16
78 37
18 12
45 26
63 45
10 24
27 3
51 35
69 23
4 34
92 40
62 36
40 16
45 18
8 42
34 12
25 23
22 38
24 13
34 32
82 11
42 45
71 5
14 10
8 33
14 25
45 39
63 34
45 25
77 21
6 8
49 19
40 9
68 26
62 5
20 40
83 38
41 36
35 36
51 1
44 39
70 35
86 21
54 35
93 4
29 23
19 8
63 22
57 44
37 24
4 37
51 42
23 2
55 13
48 6
13 46
2 37
31 5
40 46
27 6
66 25
24 33
44 20
79 3
14 29
50 36
15 31
29 2
80 22
83 15
71 9
85 14
7 46
70 22
96 33
24 22
88 31
65 2
85 38
36 3
8 38
76 9
99 41
67 35
21 12
48 31
10 29
89 32
17 6
36 46
47 6
12 21
33 23
23 19
18 29
83 23
1 30
21 7
76 44
55 45
73 5
50 45
23 15
27 3
18 22
41 11
5 17
36 5
100 11
74 31
97 22
33 34
5 21
49 32
14 24
68 34
28 25
10 38
20 44
8 14
86 30
1 13
48 26
37 44
14 43
52 41
58 32
1 22
19 24
63 4
96 11
19 14
76 13
49 9
86 17
99 15
81 18
73 33
10 16
95 36
26 31
38 38
32 18
74 17
62 12
65 46
47 30
48 9
17 29
62 35
55 23
66 31
81 28
87 34
54 46
7 10
37 21
65 40
52 11
67 27
34 3
27 35
43 31
63 11
79 29
78 40
100 1
75 44
62 30
42 3
3 36
78 32
24 12
15 17
13 5
11 11
46 23
45 9
39 36
34 32
66 21
26 30
21 40
30 25
41 34
37 31
62 38
95 26
29 5
55 10
61 37
59 13
30 13
1 9
78 20
47 39
98 18
33 34
88 17
85 18
3 15
71 22
38 18
62 22
24 19
80 23
31 18
91 6
32 24
2 31
42 40
37 43
47 18
54 17
62 16
20 8
8 32
36 37
92 3
81 22
44 3
16 12
56 9
7 27
72 42
67 19
24 30
43 15
42 7
64 38
23 41
23 31
38 11
24 40
17 1
56 23
92 34
78 9
43 36
97 1
74 38
42 37
22 5
37 23
78 43
13 26
65 16
31 22
20 42
19 40
6 32
58 41
57 24
20 28
17 35
18 41
67 33
39 16
90 25
24 9
17 45
74 40
50 21
68 37
31 38
27 40
59 14
27 45
6 3
95 5
95 1
100 26
95 25
7 32
21 6
12 35
44 12
28 40
57 44
81 9
14 28
22 10
97 29
36 18
91 28
73 24
59 5
46 15
46 46
78 43
41 9
63 22
59 15
98 22
66 44
58 12
77 22
20 20
99 19
93 17
78 33
94 9
10 10
22 2
93 43
65 30
21 13
96 38
4 40
4 10
66 32
55 9
79 43
34 43
74 9
34 24
38 2
28 38
2 1
45 8
40 2
79 38
59 8
82 10
81 4
84 19
84 18
35 10
59 34
89 5
53 10
73 5
63 27
27 11
87 26
26 30
62 45
89 24
62 31
68 45
94 5
17 21
20 16
95 12
