100 14
900 979
49 8
59 7
44 13
6 3
90 12
89 3
79 11
7 4
80 11
23 6
96 4
8 6
7 13
92 2
75 14
32 13
80 8
58 3
68 14
75 8
77 10
78 8
39 11
6 9
84 1
53 13
92 1
29 11
57 12
48 9
5 4
24 14
60 13
53 6
48 11
78 10
64 8
29 6
73 6
55 7
14 13
99 12
48 14
69 11
72 1
79 8
40 13
22 11
73 2
22 9
47 13
83 10
59 14
98 4
56 3
3 9
49 9
86 5
25 6
74 8
43 4
67 4
20 10
91 2
14 14
40 6
45 7
92 13
7 10
81 2
66 3
17 1
10 8
35 4
27 6
58 3
53 12
49 7
16 9
77 10
90 3
71 9
32 11
72 12
94 4
100 3
29 6
73 4
27 10
52 2
10 8
15 1
82 6
74 4
10 6
84 5
50 1
58 11
14 6
61 7
51 10
71 9
7 12
28 5
77 4
25 12
97 10
51 7
43 10
32 2
20 1
27 14
61 8
85 12
59 4
41 4
73 14
92 14
88 12
25 5
59 3
7 11
46 2
94 11
51 9
5 1
2 6
56 10
85 2
42 4
8 13
35 8
47 7
100 4
83 12
23 5
15 11
29 2
78 1
26 7
83 6
4 12
85 3
10 11
5 8
98 2
5 5
68 3
79 12
41 8
51 13
23 11
30 3
76 2
16 9
38 2
88 11
22 5
47 9
66 6
14 5
95 13
30 8
6 2
95 10
27 12
84 8
35 4
4 12
88 13
93 1
83 7
2 5
99 7
42 11
5 10
66 5
42 4
36 4
73 2
79 7
21 11
5 14
14 10
11 7
58 7
36 14
40 7
47 3
43 1
1 9
57 11
74 2
86 10
62 4
67 13
11 9
26 12
22 3
47 2
32 9
88 14
80 1
50 2
81 11
95 2
59 2
78 10
68 11
71 8
39 6
80 7
87 5
79 10
40 2
96 1
8 8
41 7
2 13
39 8
8 5
46 11
57 6
6 6
80 9
71 10
61 8
46 9
52 3
42 9
22 14
70 14
17 6
96 7
44 5
36 13
13 1
41 2
73 1
40 5
85 14
35 7
32 7
84 10
7 13
14 5
63 8
12 6
5 13
14 7
60 1
30 7
18 2
80 1
71 14
76 6
58 10
87 14
60 7
40 2
25 8
18 12
50 5
4 11
74 3
86 1
85 13
4 10
46 11
99 14
69 4
82 8
2 10
85 2
59 11
18 11
2 8
43 14
12 5
42 13
22 6
33 4
17 14
78 5
35 3
18 1
1 10
5 8
29 11
72 5
36 11
12 6
2 2
33 6
38 14
64 12
42 3
95 3
63 10
36 4
99 12
57 6
51 12
88 14
92 6
60 11
42 3
11 8
3 5
65 13
75 6
66 1
21 6
52 1
14 3
58 5
45 2
75 7
50 9
49 7
70 10
19 9
5 5
95 7
60 2
18 8
60 9
57 1
49 1
9 6
96 7
66 6
86 5
67 11
84 10
99 13
27 8
44 2
33 7
90 10
92 11
62 5
60 6
69 2
66 7
36 4
11 12
99 2
17 1
81 11
68 1
32 8
9 14
6 13
73 8
95 7
61 12
97 12
34 13
57 5
41 12
57 2
7 6
90 14
43 5
82 13
62 9
22 12
20 7
78 12
42 13
39 1
56 9
100 3
17 7
81 2
80 11
80 9
91 9
33 2
63 2
64 6
100 4
69 7
94 7
29 11
12 11
15 7
98 14
12 4
39 7
78 5
35 13
57 10
4 14
65 4
94 1
1 1
58 7
98 5
20 2
91 8
90 4
93 14
9 4
69 1
60 5
36 7
88 9
31 11
80 4
27 4
3 1
11 11
47 5
100 3
7 7
74 3
92 3
39 4
71 2
32 10
5 2
98 13
96 8
16 4
57 3
79 4
35 2
21 12
71 1
42 2
87 4
83 11
60 10
84 13
19 6
40 14
17 4
79 11
28 6
8 4
59 3
58 13
42 7
77 3
8 13
26 11
16 10
99 13
15 6
53 9
52 13
66 12
68 2
80 9
80 2
68 10
81 14
20 10
52 12
90 1
30 10
95 6
53 12
83 12
94 5
9 13
49 13
83 12
8 1
36 9
80 5
10 13
41 5
49 11
97 4
51 10
17 3
17 7
72 9
12 4
40 6
64 14
36 11
20 12
10 11
65 8
61 9
81 1
53 8
86 7
49 11
84 9
18 10
36 8
96 8
39 8
9 14
47 3
87 5
38 4
32 9
19 4
40 4
57 12
19 10
97 1
14 1
61 5
89 8
97 6
63 10
78 4
52 3
2 1
90 7
93 6
42 7
3 1
34 6
60 6
83 12
3 2
41 9
92 7
3 7
21 8
16 5
26 5
9 10
1 10
24 1
36 14
90 6
86 8
69 8
3 6
45 11
41 8
46 6
11 1
10 11
52 11
62 5
47 8
40 12
78 7
9 4
24 6
40 7
43 2
2 3
93 14
35 7
79 1
60 12
87 10
25 1
75 10
60 4
21 6
31 3
83 12
95 2
60 7
64 1
45 3
90 3
24 6
60 3
42 13
22 6
89 13
93 1
94 8
73 4
31 11
83 4
38 10
72 10
59 12
43 14
40 5
93 5
57 4
96 8
76 13
75 9
70 11
37 4
11 1
14 14
25 1
47 6
79 10
1 2
91 8
68 6
83 10
26 14
58 14
87 14
11 5
72 10
74 4
82 4
63 6
43 12
38 1
10 3
41 12
24 9
7 7
23 5
35 8
70 13
65 1
73 5
77 14
64 12
58 14
66 2
8 7
21 9
64 1
18 13
24 13
42 6
51 11
33 6
56 8
33 4
44 13
38 7
69 10
68 6
20 13
67 12
75 11
93 14
14 11
67 13
25 6
29 5
58 9
89 3
91 5
96 13
94 11
12 14
77 3
93 11
88 6
77 6
79 9
29 10
69 11
20 2
40 4
76 11
75 7
11 12
79 2
10 7
11 14
36 7
94 3
48 7
58 7
59 14
76 7
76 11
38 11
50 8
23 14
52 7
77 10
89 10
59 1
83 13
5 2
99 12
94 1
93 6
14 9
53 10
100 13
33 12
33 10
37 3
7 5
87 5
98 10
93 14
81 6
17 1
95 1
7 12
86 9
26 4
6 9
47 12
76 12
44 1
62 3
99 12
32 13
21 13
61 5
82 9
58 2
59 4
99 8
55 6
23 1
13 3
83 14
78 12
17 5
6 7
45 11
71 11
67 9
56 4
56 12
87 1
47 7
67 14
25 13
13 1
2 11
33 5
92 14
46 6
16 7
92 14
79 1
93 6
88 4
86 14
57 13
52 11
80 14
35 5
9 12
56 4
60 6
72 14
55 11
97 7
25 1
95 3
70 7
64 13
15 2
54 1
55 1
55 13
29 9
34 8
44 6
60 4
91 13
62 13
38 7
73 10
94 2
8 5
72 10
50 14
2 4
91 4
17 8
55 10
10 2
89 2
16 2
76 14
7 11
31 8
95 4
98 1
46 11
1 9
74 12
22 14
79 9
38 7
35 6
85 14
88 1
45 3
86 11
4 7
56 3
84 10
73 14
54 5
13 3
22 1
3 3
8 9
24 5
69 5
41 10
49 7
38 11
39 8
47 4
83 6
43 2
66 7
41 10
56 9
41 8
25 7
94 4
75 2
99 1
69 10
82 6
40 5
57 2
93 13
41 5
20 5
14 13
44 9
26 14
29 7
46 7
54 3
4 8
65 9
67 7
95 6
6 6
7 4
38 6
99 12
70 11
64 4
74 2
7 14
4 13
59 3
13 7
22 4
62 11
96 10
67 14
74 11
45 2
20 6
97 6
7 7
15 6
26 10
50 13
3 2
65 3
90 4
48 2
26 5
75 4
97 13
49 6
35 5
35 9
54 2
30 4
32 6
39 10
12 12
57 10
58 5
64 11
79 7
74 8
71 13
58 6
39 8
60 3
80 8
15 9
76 2
16 7
51 5
78 14
31 10
21 9
88 1
77 3
20 4
3 14
77 7
69 11
36 12
63 7
28 12
41 7
20 7
10 2
55 14
81 1
29 1
24 11
31 8
59 12
27 4
54 7
50 14
42 12
73 14
3 1
76 7
92 5
11 10
74 13
46 8
14 10
61 1
13 6
3 5
48 12
87 6
91 5
73 14
19 4
76 14
95 3
29 2
13 13
61 10
50 4
54 8
78 4
53 2
27 4
58 6
62 1
17 14
16 13
95 6
31 10
21 2
95 10
64 10
88 3
100 9
6 4
89 11
41 6
90 7
60 11
14 1
97 5
96 13
68 5
9 3
58 5
91 9
24 12
20 5
2 2
33 12
55 1
45 6
98 2
17 3
58 7
23 10
64 11
29 3
9 11
94 7
51 6
96 6
57 5
70 8
11 4
61 4
44 11
85 9
86 6
27 11
62 7
17 14
36 7
53 2
83 4
18 13
28 6
53 14
78 6
33 10
35 13
20 10
82 7
62 7
61 11
64 8
12 9
32 3
65 3
49 13
40 12
33 3
3 6
6 3
78 9
61 3
92 7
85 11
94 1
50 10
93 4
56 5
8 3
41 1
33 9
98 9
38 11
93 13
25 7
96 14
99 3
82 6
50 13
52 13
81 4
50 1
20 9
3 12
13 8
12 10
47 11
1 9
40 1
13 6
1 1
75 12
100 6
77 3
70 11
45 3
52 1
89 1
75 5
5 3
100 11
49 9
99 13
59 5
7 4
92 1
17 5
23 2
58 9
33 8
67 14
66 2
74 1
73 3
99 5
67 2
10 2
46 12
95 2
53 14
59 8
6 8
57 2
56 7
81 9
38 11
72 8
46 4
92 11
6 10
19 4
31 13
25 14
67 1
46 14
31 13
31 4
88 4
24 4
58 2
49 1
86 10
36 5
74 1
61 12
83 5
40 3
67 5
48 7
71 5
89 3
41 11
95 7
31 8
25 13
91 10
60 7
57 11
21 14
31 12
38 2
31 13
92 7
38 2
58 14
37 12
91 5
78 2
13 7
12 3
37 8
57 3
57 14
14 1
8 11
25 5
95 8
7 12
64 2
28 10
36 5
4 5
24 6
38 14
27 13
2 1
79 5
26 14
74 2
59 13
60 12
23 2
69 12
87 3
19 6
80 4
55 10
20 4
4 13
73 8
31 12
13 10
57 3
28 9
71 4
57 2
86 9
15 8
25 8
2 6
47 8
25 12
44 1
13 1
64 9
49 14
12 9
5 6
58 3
51 4
75 3
28 8
95 10
44 2
88 13
15 10
91 12
76 5
62 7
74 3
94 10
30 8
28 4
80 14
15 10
95 10
59 5
89 5
35 12
21 4
100 7
57 12
92 5
4 13
22 9
66 14
98 11
72 13
4 10
70 7
2 7
7 5
84 2
54 13
89 1
42 2
21 2
17 5
91 10
42 2
44 1
23 12
71 5
99 13
13 7
69 12
4 12
75 9
16 4
67 13
94 4
87 9
67 3
75 11
56 5
9 12
51 6
70 11
71 9
66 4
98 6
55 12
76 14
23 5
60 9
93 7
31 12
53 1
27 4
61 10
12 1
79 10
68 10
63 4
85 4
82 10
56 5
50 10
83 12
79 12
41 9
69 1
100 1
36 12
28 2
80 2
75 12
56 10
5 1
37 9
100 14
28 14
71 11
76 9
67 12
4 10
52 8
81 4
3 14
10 13
28 3
6 7
38 6
64 8
44 12
33 3
24 10
91 3
38 4
3 6
64 11
64 2
64 5
100 5
14 5
31 1
75 8
30 8
78 3
4 11
95 3
80 8
50 5
80 5
49 14
7 5
13 1
28 12
20 1
18 13
75 4
64 5
50 6
98 9
63 13
18 8
70 5
97 14
37 13
87 4
83 7
79 6
23 10
98 9
22 11
45 12
22 10
29 1
93 3
93 4
5 3
76 3
11 1
57 9
8 7
48 5
97 5
54 6
82 7
70 2
22 3
6 10
53 9
87 11
92 14
47 2
38 7
47 3
88 8
61 3
80 10
21 3
76 14
64 11
1 14
62 12
27 3
7 6
65 13
65 11
83 10
35 5
32 9
24 2
91 12
49 12
64 7
5 7
53 11
27 10
97 8
71 11
100 10
13 2
25 14
59 8
71 8
8 6
6 13
32 7
64 6
30 6
16 1
80 10
83 6
42 12
69 7
62 4
69 12
42 12
74 4
23 7
8 9
78 8
55 2
85 6
36 8
87 3
38 13
14 13
75 10
55 2
79 14
37 5
93 9
33 5
94 5
27 13
63 8
5 7
75 1
83 4
95 2
33 10
78 10
18 2
54 4
37 1
75 2
87 9
74 12
26 8
84 3
71 11
69 11
23 8
68 11
74 9
71 2
25 10
60 14
13 10
45 12
49 6
50 14
64 8
3 1
91 7
84 5
10 9
65 2
45 13
40 7
98 6
43 11
79 2
72 8
44 13
61 10
46 11
94 6
75 8
95 2
13 8
33 11
79 14
5 9
68 4
31 4
27 1
31 2
20 6
10 2
17 14
88 11
51 13
97 1
39 6
78 11
27 3
75 5
92 11
5 4
20 10
94 12
55 5
22 13
5 1
2 2
66 2
72 7
68 3
8 4
81 8
49 7
3 5
69 8
6 10
35 10
73 3
31 8
54 14
4 9
13 11
86 14
84 6
54 12
23 8
31 12
60 5
74 6
83 6
43 5
3 11
81 1
82 2
41 8
6 12
35 9
15 4
67 2
20 14
79 13
83 5
25 4
35 13
21 6
1 12
85 5
86 9
52 2
19 3
8 1
42 5
84 11
52 8
70 7
80 3
81 8
42 14
30 9
66 8
26 1
8 4
57 2
56 12
12 2
21 13
90 12
88 3
51 2
33 8
87 7
46 10
35 13
33 5
23 13
53 8
33 7
16 12
23 11
35 10
33 4
63 13
18 8
34 4
75 9
34 11
39 12
80 7
21 14
63 13
89 2
8 9
88 6
73 4
87 9
58 3
66 1
28 4
81 9
70 13
19 2
61 3
88 1
47 13
41 12
22 8
31 3
28 1
22 10
91 1
91 5
100 4
83 12
88 14
75 5
95 3
75 1
68 11
89 2
12 4
86 11
18 7
85 9
23 3
76 2
53 14
93 9
34 13
89 13
83 10
37 13
33 11
54 13
84 3
38 3
11 5
81 9
87 12
86 4
61 9
40 13
57 14
70 6
92 2
29 1
4 10
76 8
90 3
91 13
67 3
72 6
15 6
82 13
11 14
78 7
99 7
16 7
76 10
48 1
12 11
2 9
56 8
68 6
99 8
52 10
26 7
99 8
54 9
40 5
11 9
73 4
40 14
99 3
3 2
80 4
68 5
91 13
87 13
27 11
95 9
67 3
95 7
10 2
27 9
7 4
14 14
84 10
88 10
32 1
16 4
60 11
22 1
49 2
52 14
75 10
69 9
57 8
84 1
72 12
98 9
68 12
57 2
49 7
1 11
71 13
55 10
70 10
75 10
56 4
13 2
42 11
39 13
12 6
59 14
3 12
6 10
42 1
13 11
21 12
18 10
78 8
27 11
22 4
21 9
53 1
94 13
48 3
61 8
32 4
10 8
76 11
17 2
95 5
49 14
32 4
2 4
54 13
6 12
68 1
59 2
62 12
9 11
2 11
59 1
28 5
17 9
93 10
60 14
73 10
15 13
19 3
93 1
37 1
71 11
5 9
16 12
37 10
14 3
62 2
45 6
95 3
64 14
51 5
47 5
47 2
25 6
100 2
100 13
73 8
72 7
96 4
83 2
28 14
95 13
1 14
26 12
30 4
88 5
43 10
81 2
26 2
89 7
78 12
40 11
89 4
13 4
43 5
73 6
48 4
49 1
97 8
11 4
2 11
1 8
74 6
87 9
58 2
75 11
35 14
97 6
48 2
91 9
88 14
2 4
79 6
39 4
61 12
99 8
44 12
44 1
12 4
74 7
35 2
29 8
52 1
65 11
30 5
85 9
56 10
37 14
53 12
91 14
82 9
53 13
46 7
54 8
94 12
8 14
50 9
56 13
65 5
68 5
92 2
84 10
53 12
71 9
46 14
31 4
56 11
29 11
79 8
89 12
85 14
21 6
19 1
67 10
62 14
57 3
64 12
77 5
96 12
80 2
87 9
9 8
45 4
44 2
11 5
3 13
57 12
64 4
56 7
43 2
17 12
48 11
23 4
52 12
24 6
39 3
69 12
89 6
31 3
57 4
52 6
81 6
7 9
84 8
75 13
55 6
48 6
39 8
74 3
70 4
77 2
47 8
26 10
57 14
14 12
22 4
32 7
51 14
45 11
42 14
6 2
11 5
24 4
30 7
83 6
9 10
8 10
82 14
45 2
24 6
74 5
93 3
94 1
94 13
77 11
37 4
24 4
22 2
92 9
20 7
28 11
87 6
24 6
76 7
