100 22
900 1907
37 6
24 20
29 1
20 13
17 12
98 15
34 14
20 1
5 5
95 6
31 20
83 1
92 22
77 14
71 16
99 16
76 9
61 18
94 15
89 21
18 17
45 4
94 22
36 4
27 6
41 10
69 22
52 1
93 13
64 19
22 19
16 12
12 6
22 9
99 21
79 3
100 19
92 10
4 9
74 1
45 10
90 2
76 14
24 17
17 22
2 16
88 7
59 3
49 19
77 9
55 17
59 17
36 17
92 19
1 21
90 13
2 21
46 18
25 22
38 15
68 12
12 14
99 11
45 11
38 4
4 9
5 19
33 20
75 9
73 17
95 2
16 3
96 11
51 18
81 19
47 20
93 20
74 21
67 8
1 1
90 17
80 12
5 18
62 22
90 2
32 8
85 1
25 4
61 1
33 10
35 11
90 5
59 19
93 10
43 12
76 15
60 19
76 20
79 19
98 4
12 15
20 2
89 19
65 20
96 19
37 19
47 8
4 20
53 19
49 8
73 20
37 1
18 9
20 13
15 7
3 10
24 14
47 4
89 3
52 11
64 16
76 7
34 6
22 19
89 6
26 6
50 1
71 9
19 13
82 5
37 2
18 4
3 16
9 14
11 5
37 8
90 15
38 10
91 4
79 4
66 9
22 10
14 10
95 14
40 9
82 9
16 16
99 1
99 8
61 9
42 22
78 1
21 22
17 12
40 2
89 12
25 6
30 11
80 16
69 11
42 4
71 11
21 8
12 11
97 9
71 18
31 17
47 19
33 5
11 5
3 5
1 2
84 17
19 20
90 3
7 14
21 8
32 6
26 8
3 18
7 18
76 13
57 3
34 18
76 8
85 1
99 12
73 5
63 4
12 12
65 17
43 5
60 4
25 22
38 16
49 10
72 1
9 7
62 4
34 2
7 6
2 21
21 19
18 13
100 6
76 4
30 11
31 3
4 21
50 16
19 5
70 7
30 15
24 9
98 16
7 12
27 17
76 7
33 8
39 4
49 8
17 4
69 17
13 8
88 15
93 4
29 16
66 18
58 8
98 20
62 2
69 21
35 6
6 1
62 1
45 20
7 4
93 19
2 19
92 22
64 18
53 4
97 16
17 11
23 6
28 5
100 7
54 10
42 9
84 15
25 8
96 13
59 13
20 6
60 6
17 2
91 10
32 9
98 7
34 15
29 20
8 14
7 5
32 13
76 15
66 4
8 19
30 6
84 20
24 1
47 15
4 19
72 12
23 19
89 6
6 15
79 5
26 4
1 19
9 8
7 1
26 2
91 8
15 8
7 12
5 21
24 12
24 11
78 22
40 6
42 2
95 6
98 8
76 1
60 14
23 9
30 9
70 13
86 20
50 14
87 2
36 11
77 3
27 15
27 5
59 1
91 19
65 22
25 16
26 11
6 6
39 14
58 5
32 9
81 20
89 12
49 3
82 11
92 19
56 7
46 9
14 15
25 9
10 3
56 12
91 14
1 6
69 2
44 19
65 4
100 17
51 13
22 15
23 21
35 4
31 4
73 17
64 19
86 1
21 4
94 7
89 19
13 18
14 17
11 19
73 12
53 11
30 4
10 13
65 2
30 4
28 19
78 9
92 7
82 16
79 9
95 13
81 10
54 9
27 22
69 12
40 15
47 14
26 2
98 12
43 14
39 10
80 2
38 17
88 18
48 17
54 20
90 7
16 5
20 16
8 6
58 21
7 11
23 5
28 6
21 21
81 11
39 9
19 1
2 15
87 18
21 17
61 14
22 12
49 2
89 10
33 17
70 9
89 14
52 14
91 2
18 13
33 15
59 6
43 18
30 6
59 19
99 7
79 16
63 2
16 21
72 19
73 4
45 13
39 15
52 6
39 8
81 16
25 11
64 13
86 3
17 17
7 4
36 19
58 17
49 9
29 13
54 8
42 13
98 18
93 7
50 6
37 18
91 14
41 16
94 7
4 21
99 13
98 11
56 5
94 17
22 12
91 7
76 8
17 17
68 10
63 3
24 11
44 11
64 10
61 18
90 10
26 2
59 4
45 22
75 6
13 13
63 15
50 11
89 3
20 19
32 11
11 21
93 6
15 20
90 20
96 3
80 11
84 16
73 18
4 7
5 13
82 16
21 3
26 7
70 13
7 18
34 4
84 5
39 1
51 10
55 1
66 17
27 5
11 14
85 7
100 10
44 2
88 21
45 9
81 17
18 3
70 1
45 21
12 9
91 19
39 18
73 11
46 3
46 7
76 14
98 1
6 14
7 18
38 18
12 11
19 3
24 17
50 15
54 17
100 20
83 19
42 1
94 14
24 4
70 19
41 20
49 1
18 6
54 10
61 18
75 9
10 4
56 19
83 15
56 8
26 11
48 20
60 4
54 9
52 22
73 1
77 6
5 3
6 12
92 21
70 3
38 6
83 9
54 11
93 22
64 3
7 6
10 8
25 3
86 21
79 14
8 20
55 3
46 14
57 20
62 4
6 5
59 14
95 17
7 17
4 9
61 10
39 13
88 16
78 13
34 1
71 9
26 9
90 20
62 3
64 9
72 8
69 1
63 15
95 13
1 6
61 14
38 15
88 16
65 17
99 10
91 18
44 18
67 7
89 11
14 17
84 15
83 2
53 6
99 1
94 9
56 10
95 6
1 1
61 17
90 9
67 22
1 1
52 9
83 18
28 14
61 17
52 14
2 4
71 16
95 12
53 1
98 13
95 9
64 13
27 1
100 9
68 20
23 13
7 22
10 20
37 3
6 2
36 2
26 11
32 20
10 8
76 11
77 7
24 14
87 11
14 22
72 21
86 20
59 12
98 13
27 2
81 16
38 8
88 18
89 17
39 17
32 4
41 18
26 11
68 11
48 2
92 12
48 5
87 16
53 17
97 4
95 1
56 6
71 4
60 6
36 5
23 5
56 3
10 17
49 8
29 17
4 20
89 5
51 18
64 16
40 13
81 13
97 15
72 6
60 12
9 16
72 1
4 14
3 3
88 5
64 7
76 2
33 17
49 6
35 7
7 11
66 5
47 20
54 8
86 17
99 17
52 5
32 20
65 13
87 16
69 16
79 22
78 12
64 1
62 3
91 14
47 12
40 22
97 19
46 14
5 20
43 8
42 17
80 19
66 21
15 5
72 21
84 17
2 14
47 21
60 13
85 15
97 3
31 2
26 19
8 3
55 13
25 13
51 1
54 20
48 7
73 8
100 15
43 5
22 22
34 2
53 4
69 15
31 14
99 11
70 11
26 4
25 5
19 9
59 13
29 20
43 8
36 11
67 16
97 20
99 10
45 8
94 18
6 20
71 11
60 6
53 6
29 5
73 6
89 13
100 10
11 4
25 2
64 10
39 22
60 21
82 1
54 16
58 19
30 16
70 19
49 8
82 11
25 7
85 1
20 15
30 3
89 19
37 18
90 10
30 4
20 21
95 4
86 19
54 1
15 10
68 12
82 16
66 13
71 9
93 17
29 11
85 13
96 12
72 5
100 11
71 15
54 20
88 16
97 20
62 6
53 5
64 14
24 6
58 17
88 10
81 3
60 14
12 18
58 10
79 19
62 14
30 4
69 11
56 21
94 15
54 7
60 19
63 17
100 2
45 12
7 4
63 15
49 7
57 17
5 15
5 4
82 6
10 8
41 11
65 12
65 16
92 2
89 19
75 20
45 10
40 18
25 17
86 16
13 14
38 2
49 9
95 16
82 22
44 16
52 17
82 21
51 7
19 13
36 14
75 6
61 7
33 14
99 8
47 18
35 17
32 15
95 6
33 13
28 3
23 12
12 3
60 3
45 2
48 9
37 13
39 3
9 2
98 17
77 16
23 2
68 11
57 18
11 5
87 19
20 7
88 6
34 11
13 14
1 1
39 6
26 1
37 14
12 15
39 14
69 7
67 5
94 16
53 13
54 12
91 14
20 4
54 13
51 11
2 7
52 12
57 2
17 12
11 1
28 21
89 9
23 22
40 21
50 14
30 22
92 20
93 9
16 16
63 10
83 13
46 1
56 20
9 5
94 19
99 8
61 3
21 18
40 13
98 5
59 1
78 20
97 10
11 18
53 16
70 12
35 20
9 20
39 19
23 12
98 12
2 8
77 22
36 11
96 12
92 3
6 20
85 2
22 6
57 20
17 17
8 20
93 10
10 21
49 5
57 18
80 6
31 22
98 10
83 4
86 9
92 4
9 19
78 9
76 19
15 10
53 11
85 4
52 2
32 15
32 3
53 22
27 2
45 1
24 6
78 7
9 9
19 8
100 19
85 19
98 22
85 8
71 14
99 16
45 21
52 13
6 15
25 1
68 15
66 1
28 14
93 18
48 18
34 19
33 2
28 15
46 6
71 10
81 20
38 4
69 8
81 10
87 17
10 16
11 17
56 12
28 7
22 14
94 10
84 7
19 3
85 19
88 12
39 20
3 17
39 17
1 22
27 5
28 15
87 18
26 6
50 8
87 9
38 11
61 14
99 12
16 6
8 20
68 4
52 18
100 14
94 8
70 3
76 3
3 17
5 22
85 13
88 7
66 14
66 19
99 2
68 8
36 14
61 4
96 2
33 22
54 11
85 4
47 15
5 16
59 2
23 5
13 2
34 5
71 5
99 11
39 14
22 1
74 14
78 6
78 16
54 12
45 4
59 1
83 13
45 6
37 2
89 15
13 16
37 20
94 20
10 18
89 15
80 8
49 22
90 3
88 4
79 9
38 9
74 9
88 1
82 21
24 13
89 13
5 4
29 4
89 1
54 10
98 20
1 3
9 20
77 12
88 6
83 7
38 11
19 13
94 8
74 20
72 2
47 22
62 2
26 21
26 13
36 11
21 6
52 12
64 1
59 19
43 22
73 12
5 15
55 20
26 9
15 7
66 12
81 8
99 14
61 12
88 8
56 9
49 18
8 9
3 2
86 15
75 10
67 5
32 7
69 1
68 22
85 18
29 12
17 6
19 14
60 13
55 5
21 17
14 5
95 17
36 14
71 22
26 4
16 12
64 10
66 9
95 12
59 7
89 7
11 21
77 8
50 17
64 7
87 8
6 14
90 5
99 5
1 19
62 20
14 8
12 18
78 10
80 8
13 4
72 17
49 13
85 7
84 17
62 1
86 1
34 13
55 13
97 3
99 2
11 13
84 20
96 4
2 10
34 10
75 13
64 14
34 10
13 15
35 12
62 22
58 7
45 20
88 18
57 4
60 3
3 14
75 21
21 5
48 15
19 21
70 19
85 3
71 3
72 9
26 7
70 8
47 9
74 1
26 2
91 4
43 13
22 5
70 18
43 21
67 18
5 8
34 18
45 11
26 4
15 8
56 11
5 16
68 11
7 21
87 13
29 4
69 22
13 5
17 14
71 21
19 9
25 9
40 6
22 2
2 21
66 21
60 4
40 14
59 5
34 13
72 5
78 18
46 13
54 19
69 1
66 3
83 22
60 20
89 2
55 17
58 9
91 7
35 17
50 8
13 16
46 18
91 8
84 14
23 10
19 7
49 11
75 6
10 3
19 18
10 2
3 2
8 2
54 3
9 16
56 20
16 19
72 6
58 5
72 17
80 10
63 22
81 6
11 12
66 2
64 16
63 6
23 14
11 19
24 7
88 6
82 15
35 6
49 13
9 19
56 15
81 5
46 3
54 15
93 21
26 9
32 5
18 7
54 5
66 6
2 7
65 7
47 16
50 16
94 3
68 19
4 21
75 5
52 22
47 11
100 18
2 4
77 13
23 13
17 22
58 14
81 1
66 15
23 18
71 2
90 22
53 6
9 9
36 8
12 12
21 11
97 12
28 6
2 6
9 11
74 6
96 10
90 8
88 16
39 10
12 3
37 21
7 1
11 19
24 8
51 15
38 15
90 11
70 9
51 2
9 5
79 10
21 6
37 12
14 10
65 21
6 9
8 16
93 18
62 8
88 12
80 4
70 22
29 13
52 11
5 7
80 3
68 8
62 12
39 10
3 11
57 9
11 15
79 14
11 22
58 18
82 3
80 17
7 13
68 10
8 9
14 1
33 4
99 11
91 5
75 14
89 19
72 4
67 8
2 21
10 17
79 6
43 6
54 11
62 15
31 5
47 21
33 18
92 22
89 17
21 19
24 14
30 9
94 13
9 13
48 4
92 3
96 22
2 2
11 12
52 20
44 17
50 22
63 10
42 12
57 15
54 22
78 21
86 16
32 1
96 4
54 3
56 8
49 1
73 9
25 22
53 20
84 2
63 4
20 10
87 20
15 10
56 5
39 9
61 16
91 22
80 4
79 2
85 16
92 18
72 1
2 9
33 16
26 12
48 6
21 9
4 10
81 12
91 9
22 13
87 2
27 12
52 16
36 11
37 6
37 7
100 10
65 6
77 10
44 8
36 10
46 12
29 19
71 8
63 10
73 9
25 2
66 10
13 3
89 10
63 14
2 10
70 5
81 13
49 18
30 10
77 9
23 17
55 20
18 20
83 12
88 15
13 2
21 22
81 16
62 16
20 21
27 11
2 6
11 13
54 15
88 3
81 6
64 21
64 2
18 19
66 18
76 15
53 11
50 14
23 15
27 15
30 20
27 8
21 21
22 2
14 18
58 3
44 1
88 10
14 2
58 16
66 6
23 11
65 8
54 21
75 16
78 19
86 13
71 8
78 21
35 17
34 10
50 17
47 20
54 18
71 17
37 19
59 4
17 17
82 5
82 16
83 8
95 22
27 15
82 19
64 2
99 16
5 9
57 19
53 11
43 17
16 16
46 22
81 10
60 12
58 14
17 20
45 17
33 7
22 2
48 13
60 2
59 16
32 19
55 19
49 18
64 17
71 22
28 2
4 19
91 7
35 17
57 19
96 1
94 4
85 6
74 9
66 3
81 22
10 17
8 14
37 21
46 14
66 3
98 7
43 17
12 8
45 4
82 5
55 3
51 15
90 6
94 3
93 13
43 20
18 5
98 11
26 4
1 19
30 2
87 2
51 9
53 5
76 20
79 8
64 19
81 5
13 5
99 16
46 4
98 20
94 22
95 4
91 1
95 20
60 9
51 11
91 11
60 8
24 8
88 9
78 1
35 17
7 16
1 12
89 21
86 16
39 8
73 22
10 9
22 15
77 22
24 19
43 20
100 21
27 5
66 17
33 8
77 17
93 11
79 16
77 12
26 10
25 20
57 6
77 1
77 5
4 12
95 6
10 4
62 16
41 11
59 6
38 11
26 1
45 6
26 5
71 14
49 12
91 8
71 2
23 7
19 3
9 9
43 20
42 14
40 4
18 19
87 2
74 6
49 12
69 21
88 5
95 4
53 8
14 16
12 3
62 15
89 3
47 4
93 5
9 20
69 22
72 5
8 8
88 19
53 14
16 21
65 21
30 7
1 5
73 8
88 4
76 11
94 12
8 19
83 19
8 7
76 6
56 16
82 7
86 18
13 13
95 11
65 18
5 1
45 2
3 10
85 7
51 21
39 15
8 3
86 10
67 3
54 9
50 10
44 20
79 6
79 19
38 19
53 7
74 21
1 6
36 13
95 8
22 21
55 13
86 19
98 1
37 6
59 20
88 2
33 17
30 21
58 9
31 10
43 4
1 19
14 17
85 9
54 17
83 13
40 22
56 1
37 4
100 19
63 14
10 8
42 11
25 19
23 7
33 16
2 9
62 13
17 1
12 10
12 12
49 6
61 5
59 9
98 6
89 21
53 14
60 17
30 12
27 22
20 4
80 13
3 1
60 6
78 10
53 14
80 2
89 20
37 11
7 22
53 3
55 17
92 19
3 4
32 11
5 22
55 22
72 5
10 11
17 6
27 4
81 9
42 7
71 7
5 14
9 13
17 4
80 8
33 20
51 7
77 11
69 10
70 1
56 10
55 16
67 15
31 7
92 14
80 11
66 15
19 17
36 13
39 2
79 14
14 9
35 16
97 22
71 5
77 18
45 7
83 20
98 22
59 13
61 9
6 10
37 5
38 17
7 15
35 12
64 4
27 22
45 20
17 16
90 18
12 22
89 17
27 11
77 4
61 3
90 14
48 3
82 21
22 17
5 19
15 18
78 15
8 3
49 7
14 16
44 14
76 14
21 2
44 7
10 22
7 19
64 18
11 4
9 5
81 18
49 21
6 19
64 2
27 7
65 7
84 22
78 16
67 11
38 19
42 22
30 9
1 15
33 17
58 19
50 11
42 20
20 19
90 10
50 15
25 11
24 21
39 19
19 5
78 1
87 1
99 7
11 19
47 10
30 22
69 17
6 1
47 14
37 14
38 8
1 7
24 14
3 13
36 7
48 14
37 2
16 11
74 14
98 2
35 2
51 8
58 15
83 3
66 20
63 13
86 2
87 4
68 13
33 2
55 9
32 22
62 5
64 13
36 2
100 7
100 10
61 12
34 7
4 5
9 22
25 2
38 4
41 7
13 15
16 2
49 13
39 14
13 20
56 12
33 2
44 16
49 4
5 14
77 7
66 1
41 3
61 5
22 20
64 5
30 22
96 12
14 13
43 16
42 15
46 16
33 6
32 21
67 6
94 22
57 16
62 17
74 3
87 8
8 18
7 16
84 9
73 18
99 10
94 8
86 14
81 21
61 20
17 14
94 12
30 1
76 20
100 2
94 7
25 9
61 13
74 4
53 22
37 11
21 20
13 8
88 3
56 3
78 4
77 20
4 3
59 10
82 22
35 20
77 8
23 17
46 14
44 14
73 6
3 20
84 15
32 18
5 11
97 21
82 4
4 16
75 19
93 21
14 12
15 18
12 16
27 22
21 17
3 22
69 14
79 20
90 17
81 5
87 16
1 20
13 7
9 14
92 14
19 6
30 8
45 20
60 17
60 11
99 8
28 5
7 8
55 13
84 12
19 22
84 18
79 17
46 17
77 7
73 18
92 16
6 2
85 9
50 6
97 9
54 6
5 22
77 5
87 15
66 12
63 5
43 14
18 17
10 5
56 3
64 3
6 18
25 17
86 21
45 14
79 1
20 8
49 14
41 7
71 22
50 14
81 20
52 21
30 14
92 15
76 12
37 10
19 21
63 17
82 18
3 17
1 5
21 8
37 16
42 22
8 18
99 14
26 22
62 14
90 10
75 6
49 8
44 3
73 6
27 3
68 21
91 8
55 19
36 22
48 19
41 11
46 11
15 14
33 11
83 8
35 7
3 20
32 14
59 7
58 22
42 8
22 11
50 17
44 7
57 10
79 9
60 3
24 7
93 12
68 22
14 1
22 15
2 6
74 3
3 1
81 16
3 13
82 6
84 10
34 11
10 18
49 17
41 11
13 22
44 10
70 13
39 16
50 10
87 19
92 8
92 15
63 17
18 15
46 22
51 10
19 5
34 16
99 20
19 11
81 2
94 2
4 14
13 12
27 4
79 14
44 7
81 8
46 9
70 9
44 11
42 6
37 16
37 4
41 4
44 21
77 8
88 9
68 5
81 7
68 6
13 12
39 3
16 5
52 1
56 13
78 10
88 8
71 14
87 19
49 16
53 4
81 16
13 3
57 12
27 18
41 18
100 4
4 11
33 14
40 6
85 13
97 12
88 9
80 9
86 3
30 9
57 5
34 3
94 13
71 2
68 20
27 2
10 13
30 12
30 8
52 12
58 21
61 9
56 11
29 13
49 6
53 2
100 3
35 6
100 19
91 2
17 10
11 19
45 18
63 5
29 17
96 9
34 20
51 1
34 8
26 5
47 10
38 10
77 22
65 21
22 11
99 9
60 5
96 10
24 4
70 2
6 22
39 8
85 3
83 20
93 6
32 8
55 7
62 19
72 22
87 6
20 14
100 17
61 9
61 8
72 13
55 13
80 16
92 1
22 11
98 17
48 21
51 5
75 5
38 5
63 7
50 19
90 22
82 22
46 4
73 20
84 8
82 17
16 12
83 21
24 12
35 11
16 20
55 11
20 3
74 22
12 18
34 1
58 15
2 9
48 5
14 16
23 11
1 16
78 5
10 18
62 19
52 12
15 22
82 18
3 10
85 9
32 12
37 6
20 20
91 18
38 18
24 6
2 11
86 11
35 22
56 13
33 14
38 17
21 17
3 15
95 19
96 21
73 10
73 1
42 13
34 17
55 11
47 16
89 9
91 10
79 10
45 22
52 20
81 19
93 1
81 7
71 22
100 10
25 17
74 4
41 3
70 4
43 10
57 14
28 9
100 3
34 20
61 18
16 20
94 7
93 12
42 10
35 22
60 16
73 17
21 10
56 21
61 3
66 20
69 16
60 12
80 22
4 22
4 9
22 18
62 22
40 12
13 1
47 7
55 19
42 17
2 10
15 5
88 17
58 15
93 5
5 20
71 12
72 20
42 8
36 14
24 18
24 6
44 1
45 2
90 21
42 22
23 19
75 20
29 13
88 22
97 8
82 18
30 22
72 10
5 18
2 5
7 14
82 12
13 14
99 21
81 7
90 17
48 21
79 16
96 16
16 8
59 10
43 14
16 20
23 8
52 14
58 1
96 9
29 21
96 17
89 8
64 4
7 22
50 17
12 15
94 16
17 3
55 21
46 1
93 21
37 20
14 14
7 16
56 19
74 3
45 19
43 6
32 6
27 10
7 3
53 17
2 21
81 1
42 11
26 2
40 16
14 12
25 14
36 15
56 21
55 14
26 18
73 16
90 19
19 6
52 13
42 2
29 9
54 8
32 7
84 8
75 21
88 11
86 8
87 2
3 16
8 16
28 9
76 9
93 22
81 9
85 10
99 12
18 7
99 4
73 15
6 19
30 3
43 9
9 15
44 8
60 19
14 16
22 22
50 18
38 7
43 3
71 6
4 17
61 13
45 16
73 4
9 4
62 22
95 6
96 10
69 4
5 12
79 6
15 14
98 18
12 13
39 11
26 18
91 1
11 10
94 14
58 13
98 13
17 11
19 10
58 1
62 12
35 5
94 11
7 11
20 17
30 9
31 2
72 8
25 22
45 1
58 7
74 7
91 20
84 17
37 18
36 22
1 10
67 11
33 6
94 3
15 5
56 18
55 14
4 2
78 15
38 2
93 19
44 21
40 9
85 15
79 15
53 16
68 9
54 18
74 22
37 10
79 22
53 21
36 16
3 22
24 4
19 2
88 4
4 20
33 9
2 8
82 9
32 3
93 21
62 8
63 12
20 19
59 7
45 6
84 5
11 11
57 14
2 22
77 22
54 7
96 10
22 7
15 6
86 3
67 15
60 1
43 7
100 14
93 20
81 9
48 4
36 15
82 7
91 11
79 7
73 13
84 12
74 9
3 6
12 14
97 5
69 12
66 20
47 11
39 9
11 7
84 12
48 11
38 10
25 19
70 1
65 13
59 4
67 4
17 9
72 15
28 1
97 8
28 22
25 7
12 4
45 2
7 8
16 14
92 17
82 11
33 6
87 21
14 16
22 22
14 12
95 1
72 22
79 15
96 15
61 18
62 16
33 14
10 16
71 21
71 19
34 14
11 13
19 22
69 21
25 1
29 19
20 8
46 15
4 3
63 13
53 9
55 12
90 2
40 16
53 17
47 15
2 11
44 5
96 5
47 18
84 22
85 15
47 15
81 20
99 10
39 11
10 6
56 18
24 10
48 22
80 18
49 5
30 20
20 1
89 15
45 20
50 13
96 15
41 17
70 20
21 22
95 11
89 16
41 13
91 15
26 15
99 20
51 9
38 3
47 13
36 10
58 1
3 11
94 9
72 17
59 8
17 11
53 19
77 17
37 6
37 1
75 13
69 9
45 14
52 7
38 4
14 7
19 2
74 20
55 18
55 13
56 10
92 1
50 13
13 6
87 8
86 22
1 7
4 11
82 14
95 2
10 10
33 15
14 6
92 5
45 3
52 8
87 7
62 12
25 22
4 12
97 10
54 19
47 16
5 10
76 5
59 5
72 13
34 15
97 11
93 12
69 20
11 8
82 4
63 15
75 4
19 3
38 7
17 19
98 22
67 4
100 5
74 3
97 4
80 13
75 14
17 22
19 18
11 13
4 6
8 4
30 19
28 2
66 15
59 21
89 9
60 2
73 9
80 15
6 2
3 17
51 22
59 10
93 1
19 16
87 16
25 3
22 15
11 22
26 15
48 4
100 22
44 10
21 19
28 14
22 11
57 11
51 9
17 14
67 3
53 18
15 19
15 14
54 5
76 5
17 10
45 4
50 14
10 22
44 21
46 14
50 13
71 6
38 15
98 3
38 22
50 7
68 19
77 13
29 8
6 8
85 15
6 14
42 7
82 19
89 1
93 21
74 10
14 14
20 3
21 5
96 11
88 4
29 22
53 12
30 16
72 8
20 15
82 15
81 6
46 12
10 10
59 11
74 1
9 10
73 4
56 7
65 4
1 12
60 22
12 9
46 13
42 12
93 1
66 1
54 1
19 8
66 9
66 16
46 16
65 5
9 20
88 3
34 1
13 17
37 2
34 19
7 15
36 17
33 9
76 8
21 5
41 19
74 17
7 11
68 12
20 4
15 6
56 6
34 10
35 19
41 7
78 7
66 12
28 4
64 6
5 12
4 1
5 5
36 1
23 11
91 16
60 10
24 21
95 6
1 6
7 20
59 16
58 20
33 19
59 11
25 6
2 10
67 15
96 13
92 2
52 18
64 17
46 7
23 7
15 18
68 13
77 20
85 17
65 4
90 21
