100 26
2128 900
29 4
66 8
47 8
55 25
88 8
3 12
83 14
9 1
46 26
36 15
5 13
60 12
6 15
28 15
23 19
10 5
71 22
59 22
89 6
57 14
23 9
4 4
20 5
50 23
58 16
9 21
64 11
13 8
17 24
27 25
26 2
20 6
11 26
43 19
7 11
63 11
76 8
8 8
86 2
36 6
83 6
17 16
42 10
64 12
49 6
55 17
28 26
72 13
6 26
12 20
41 8
49 2
65 16
54 16
85 14
9 21
30 11
47 24
14 4
8 20
57 4
95 12
86 8
89 23
15 1
7 2
41 13
24 24
78 7
76 14
60 15
72 14
33 8
67 5
94 22
41 24
83 4
75 22
12 11
58 15
59 8
71 10
68 3
76 9
79 7
69 4
8 23
57 7
27 25
13 22
61 12
42 15
48 1
9 10
61 15
78 8
23 11
4 15
20 8
39 6
6 9
10 13
46 6
43 15
34 3
8 4
7 1
85 22
35 17
59 8
80 12
85 21
71 18
15 26
71 26
9 19
58 23
91 24
88 23
69 3
12 23
11 20
13 4
67 4
87 14
92 5
41 17
37 12
98 7
46 19
6 21
64 17
52 18
60 7
73 25
87 23
50 3
14 7
21 21
47 19
2 2
87 23
19 8
58 9
99 9
77 16
64 26
17 5
75 3
56 9
6 9
47 7
28 1
79 6
84 10
81 8
100 14
34 3
19 22
24 20
70 10
90 25
89 9
39 16
62 10
32 21
64 18
10 22
6 7
97 1
6 22
95 5
78 15
26 13
21 2
54 13
17 17
65 2
55 12
22 8
35 11
42 8
95 21
44 14
11 26
66 12
6 19
50 8
58 15
46 11
42 11
11 12
63 17
71 6
48 16
91 20
66 4
21 1
42 11
99 12
84 21
69 6
92 9
29 6
36 7
36 14
48 9
81 19
88 16
45 2
87 18
30 14
65 12
81 20
40 12
50 5
37 16
20 20
81 17
48 11
63 20
31 5
21 20
12 14
41 3
65 26
33 5
29 18
12 26
65 11
72 7
36 8
13 12
7 9
90 5
55 11
1 10
61 18
63 21
32 18
44 17
64 6
17 14
8 7
13 21
18 21
56 3
94 12
34 19
79 19
80 16
67 2
77 18
4 23
98 23
90 23
34 19
10 23
62 16
45 4
96 14
74 12
44 23
30 11
82 23
62 4
31 3
78 18
83 24
5 4
12 20
31 9
62 5
71 26
87 15
100 3
12 3
56 15
16 14
27 1
49 13
68 10
98 18
91 25
34 1
5 1
34 11
10 12
14 19
76 14
58 4
35 2
12 7
74 3
91 3
27 24
26 10
53 21
100 4
35 11
2 26
60 4
55 15
48 8
27 4
71 1
26 8
38 1
22 24
96 25
36 6
45 17
8 4
24 9
51 3
91 5
9 4
91 7
6 21
38 12
85 6
2 13
79 5
57 24
100 23
19 18
86 20
79 7
72 4
76 11
4 25
44 7
13 4
67 19
81 19
73 14
39 24
50 22
27 26
95 23
15 12
52 19
7 25
3 21
46 21
49 8
33 13
80 9
89 14
80 1
77 21
5 18
57 24
12 24
77 1
74 1
48 16
8 1
21 26
85 9
74 26
56 10
66 4
41 17
81 5
22 22
51 21
2 22
90 2
75 15
9 14
83 15
41 2
42 10
74 10
29 18
52 4
41 17
93 22
72 2
4 4
47 21
47 23
83 14
12 25
8 12
2 26
33 26
95 23
67 1
1 24
37 23
62 7
51 14
35 16
82 12
45 14
8 12
46 19
1 10
85 18
15 11
49 8
17 20
74 14
93 20
65 22
51 18
66 21
30 11
17 4
48 3
1 1
81 6
70 6
5 25
64 18
85 1
28 21
76 22
73 26
12 6
89 4
47 14
70 14
94 26
89 23
88 14
72 6
97 5
89 3
44 11
70 15
41 18
71 7
95 16
87 1
77 24
71 15
3 16
34 24
79 3
62 9
21 24
56 15
3 16
29 18
29 10
57 26
86 13
76 21
91 16
35 21
13 23
35 12
15 2
14 11
46 8
60 10
13 21
44 17
19 16
67 22
36 3
40 8
39 2
35 21
64 20
18 11
67 10
85 13
74 3
65 5
47 24
76 16
92 23
51 17
58 5
100 18
21 8
64 23
89 6
100 13
37 26
48 26
10 20
22 15
32 10
39 11
6 17
62 2
48 4
35 1
51 20
2 17
11 5
5 10
92 23
79 5
87 5
96 16
29 14
54 4
10 22
47 14
73 24
98 10
60 1
89 5
40 22
69 13
9 6
43 7
92 8
35 26
90 12
75 21
80 2
41 12
22 25
68 10
15 10
41 21
85 7
47 8
27 5
93 11
17 25
92 2
17 17
82 26
34 16
96 23
60 21
54 15
85 3
6 10
85 9
11 19
81 21
3 18
70 26
10 20
33 7
47 6
73 23
6 14
39 5
95 19
91 18
59 23
48 8
86 14
11 10
56 26
11 7
96 17
23 7
20 3
18 15
7 26
98 8
27 15
53 13
80 12
21 9
68 24
97 8
65 25
39 10
24 3
55 26
71 19
49 21
85 15
53 12
37 26
55 17
35 3
24 12
3 21
72 16
99 8
34 4
15 2
53 5
70 1
81 24
76 3
21 23
57 11
23 22
60 6
31 2
52 12
12 13
72 2
6 22
30 2
1 7
72 6
7 13
70 6
40 20
98 18
44 25
93 22
27 14
100 18
4 4
17 1
3 10
79 8
33 18
72 2
45 25
62 2
23 1
65 22
99 3
87 24
51 3
63 10
71 9
38 21
86 6
77 23
41 16
72 15
91 1
91 15
48 6
47 5
15 5
43 1
22 26
8 6
35 16
49 21
18 6
13 2
14 1
1 4
100 8
31 14
71 7
84 8
27 20
69 20
22 22
42 9
12 19
38 5
17 2
36 8
31 17
59 19
40 6
64 4
84 6
90 13
61 15
8 3
56 21
92 13
93 25
9 16
74 24
94 12
69 1
59 15
59 1
71 18
33 2
43 22
97 19
84 14
94 8
69 23
54 1
24 4
54 13
9 6
6 1
63 12
5 14
97 25
92 2
50 23
21 5
8 14
20 4
31 25
2 10
97 5
79 12
79 26
5 12
45 23
98 7
78 14
11 23
33 18
57 5
100 6
78 3
29 5
11 24
36 11
17 17
97 13
34 25
4 22
91 7
25 10
65 10
63 17
53 14
44 1
14 24
35 4
23 10
89 23
42 26
30 1
50 24
98 13
51 16
41 24
92 12
16 12
61 25
16 2
6 9
35 16
17 15
97 4
91 23
80 4
55 23
98 5
9 22
54 10
42 5
3 20
27 21
91 1
26 6
41 7
69 6
48 18
50 3
51 17
99 2
89 19
18 13
99 18
70 15
21 4
85 19
17 8
92 11
13 13
94 11
89 10
32 5
5 9
73 10
100 18
88 17
49 20
24 25
49 11
16 3
31 10
50 23
64 3
9 15
21 8
44 12
65 17
11 11
48 22
52 10
43 3
47 15
18 24
25 22
91 5
9 17
68 10
61 6
24 10
97 5
79 11
71 4
35 10
49 7
79 21
52 22
33 25
48 26
89 17
56 25
70 6
28 21
18 3
86 22
61 2
16 4
41 3
89 17
29 16
50 18
62 13
51 15
11 18
77 21
91 8
83 26
56 22
94 17
41 14
43 16
82 16
100 11
92 8
40 8
85 2
27 23
35 19
50 16
76 20
11 9
68 6
56 22
71 1
63 2
54 20
15 10
34 5
69 8
99 11
80 26
70 21
91 19
45 19
27 24
37 11
15 15
45 23
25 2
55 8
79 4
60 9
34 4
96 21
44 17
82 21
54 15
47 5
92 9
79 2
2 11
79 16
75 18
38 19
87 11
16 11
9 14
1 14
76 9
92 17
38 6
58 25
37 22
92 1
19 18
29 11
6 9
43 16
27 7
42 16
19 21
45 14
28 11
81 13
40 1
92 15
29 18
93 12
15 16
34 8
10 2
37 5
4 25
23 8
6 7
51 13
84 10
7 20
85 26
13 19
100 20
27 6
58 22
26 3
43 17
83 5
72 5
65 1
82 1
58 23
60 13
40 3
57 19
32 6
81 21
18 14
56 10
31 19
93 22
93 10
15 10
27 17
14 16
54 24
13 9
71 18
40 4
91 9
73 3
63 15
26 19
8 1
31 17
86 26
77 10
60 8
11 25
56 13
71 2
48 8
11 3
53 17
7 16
40 23
91 3
47 26
3 15
14 2
79 21
38 4
41 9
91 5
85 25
50 14
41 19
39 11
69 5
65 19
26 18
32 8
4 6
75 6
70 6
27 11
72 9
71 15
88 20
23 13
92 10
88 1
39 2
17 11
79 18
25 14
46 6
72 1
68 7
3 14
84 19
68 17
27 11
91 3
92 18
82 24
91 12
79 12
58 16
1 17
48 14
79 18
95 26
12 13
1 11
3 4
66 16
69 1
21 14
11 5
40 22
93 10
7 9
72 1
56 18
10 23
1 11
41 22
18 6
75 25
64 10
38 1
42 1
29 19
71 12
1 16
1 12
32 2
48 19
15 23
22 23
75 4
72 15
35 14
64 8
99 19
73 15
28 17
66 21
79 22
60 3
12 15
12 5
29 3
40 22
79 18
86 18
14 8
61 3
70 23
52 13
86 26
62 18
46 11
97 10
92 11
4 4
78 23
68 11
61 21
76 1
26 23
85 26
53 10
72 10
33 9
6 22
49 5
41 21
3 11
47 8
74 21
22 6
42 26
32 26
45 1
87 16
80 10
93 4
70 25
25 18
25 16
14 25
43 23
49 25
16 10
38 26
69 2
97 14
54 6
31 12
94 20
75 5
67 5
33 2
39 5
25 13
79 10
85 9
98 11
82 15
30 16
28 16
61 3
36 26
11 10
56 10
86 24
85 6
54 18
47 25
74 17
6 2
47 19
59 20
41 24
7 7
38 18
72 10
37 6
73 26
54 15
17 15
50 3
18 1
68 10
22 20
19 21
88 24
73 14
23 6
74 7
34 17
25 5
42 17
39 4
63 13
43 13
15 4
88 8
45 13
95 21
68 13
56 6
84 19
91 23
10 15
45 13
32 19
79 3
30 16
61 3
60 26
3 8
32 6
38 16
57 7
39 7
99 1
62 12
60 18
79 18
62 18
5 5
98 16
47 20
80 1
85 14
97 24
66 1
81 21
55 10
25 6
32 19
99 12
15 20
95 25
12 5
100 5
20 17
7 16
7 13
96 11
77 2
34 24
40 14
47 3
7 9
58 15
86 26
51 19
88 23
93 14
74 24
57 14
86 17
90 8
62 12
9 8
67 22
13 20
80 14
6 10
1 26
37 5
89 2
28 4
47 18
90 19
13 16
58 26
43 1
13 2
93 3
81 14
91 11
64 25
92 2
80 21
21 21
53 15
95 23
64 11
17 19
27 14
22 21
55 4
15 23
60 23
9 21
7 6
53 26
63 1
95 17
51 24
93 19
25 26
73 17
76 8
84 14
44 22
26 8
4 11
79 1
46 23
57 21
51 23
97 10
44 17
51 21
6 1
80 15
10 25
4 6
81 18
4 5
64 13
65 20
98 24
27 19
87 2
69 6
7 8
39 11
95 25
47 5
49 25
66 22
77 4
94 16
53 8
57 16
73 11
33 7
53 19
71 3
31 20
55 6
12 11
83 22
8 14
80 23
82 16
82 14
65 16
89 19
19 1
20 21
71 11
83 15
5 19
91 5
73 14
79 7
9 4
55 17
39 16
49 15
31 5
81 6
98 26
70 3
100 17
2 3
85 13
70 15
22 6
80 3
71 10
73 26
95 9
12 20
14 7
50 10
37 21
77 26
28 10
2 13
49 5
57 12
88 14
49 23
90 22
83 17
82 6
38 2
82 17
33 21
9 24
70 26
29 21
68 21
94 20
88 17
70 11
86 16
2 9
53 5
22 2
45 25
94 15
92 14
50 15
58 3
45 22
10 14
92 17
25 17
60 24
31 16
86 11
61 13
14 6
10 3
16 5
86 13
15 17
66 25
79 16
17 22
26 12
95 24
10 9
35 6
46 10
60 7
15 14
55 25
20 19
94 11
38 22
92 15
20 9
14 25
76 14
82 26
14 8
33 13
46 4
30 13
10 17
29 13
7 9
86 13
75 10
67 3
59 22
36 14
45 3
88 9
25 18
100 26
60 13
86 13
95 17
81 8
74 26
74 24
39 3
33 12
36 17
26 15
75 16
43 12
63 8
51 5
62 16
65 15
60 24
76 8
62 7
93 20
91 26
32 23
5 18
87 5
17 14
62 4
7 5
40 17
12 15
45 12
1 8
14 2
8 7
34 24
58 2
85 20
97 5
97 12
80 2
17 8
7 14
35 14
30 24
49 1
65 24
80 16
45 7
30 8
4 9
7 13
1 13
59 9
80 22
40 23
88 4
33 26
77 17
37 25
100 3
70 13
46 15
31 8
97 15
29 11
47 4
89 15
94 5
13 7
66 7
2 24
82 19
47 25
84 15
70 21
20 20
71 24
15 7
9 15
12 17
32 13
2 15
83 11
97 3
83 15
33 25
39 8
13 10
84 12
75 10
30 5
56 18
87 7
92 3
17 7
21 5
70 10
93 5
52 6
23 7
54 11
2 22
42 26
58 24
14 9
50 18
16 11
43 22
67 21
52 5
100 21
56 17
77 17
36 23
75 20
4 8
16 11
73 26
23 21
99 18
100 18
28 8
59 1
23 6
19 21
76 25
87 14
59 17
66 19
65 18
3 5
69 16
94 3
53 7
11 22
66 23
13 13
57 3
81 2
11 4
8 4
92 21
63 25
11 2
11 19
91 6
75 5
10 13
16 7
31 19
97 12
94 7
17 25
85 14
5 19
61 1
11 1
82 22
32 23
25 16
32 23
56 22
53 4
69 15
4 5
27 8
78 22
71 2
21 2
8 22
25 6
75 12
99 5
95 10
13 11
25 26
47 24
93 19
95 10
14 5
1 9
6 3
4 16
3 26
72 17
64 26
38 4
100 12
78 17
100 3
29 22
99 5
78 17
86 22
61 5
48 13
83 22
58 12
12 10
49 9
86 24
50 26
63 16
36 19
91 6
93 7
74 14
13 4
68 8
98 2
34 6
41 15
1 12
27 6
18 5
75 3
74 6
56 8
90 22
25 14
6 20
53 26
49 21
58 24
48 11
97 24
66 10
84 4
33 16
59 4
12 17
45 8
10 17
44 14
27 12
92 22
27 2
83 17
42 12
70 12
87 22
47 13
59 11
84 3
90 14
71 25
61 12
74 2
58 11
31 1
26 10
94 5
96 24
55 19
33 25
63 4
21 6
64 3
74 9
42 18
32 3
42 20
98 1
40 22
80 12
43 8
70 17
85 5
42 21
29 26
16 23
57 1
2 26
38 8
6 7
73 2
80 8
29 5
47 18
71 7
99 14
60 3
56 10
82 19
26 3
54 22
94 22
12 1
18 15
43 10
11 18
67 16
25 24
81 9
19 16
41 11
79 17
79 23
60 14
77 9
54 26
98 17
93 12
1 16
23 5
94 24
25 12
45 23
83 18
9 21
39 24
33 1
87 9
68 14
16 17
7 17
22 1
48 21
14 26
88 4
15 20
56 9
99 13
100 14
94 6
97 11
71 16
69 18
51 25
87 6
80 13
74 8
64 7
62 22
17 1
83 11
22 17
30 2
93 9
31 2
56 6
38 17
96 7
97 9
29 22
19 10
75 23
17 17
28 11
79 20
59 5
87 6
43 5
70 3
86 7
62 17
5 5
2 26
5 20
15 19
65 6
71 25
27 10
20 4
27 26
5 1
33 12
52 1
49 19
29 23
42 1
71 9
91 18
45 25
75 12
25 4
55 5
56 21
61 12
36 6
25 22
27 20
89 16
93 10
65 23
69 26
55 3
19 9
7 5
32 2
43 7
81 11
14 19
1 13
20 9
23 5
23 13
5 22
100 1
84 21
68 15
7 23
55 24
93 7
8 25
92 7
94 15
18 12
78 20
64 14
15 26
30 2
76 4
33 1
11 12
22 12
61 8
4 5
28 10
15 3
73 5
74 19
24 8
55 13
76 18
75 26
66 23
4 8
97 11
84 6
55 13
32 17
100 4
34 18
92 21
40 7
13 19
1 24
92 10
49 19
98 10
67 14
65 3
55 14
48 13
89 19
81 26
25 24
19 9
19 22
43 9
75 6
80 14
70 7
13 8
38 26
34 23
25 10
42 18
51 21
30 24
30 17
9 12
11 21
56 15
65 5
52 9
45 22
97 15
85 23
85 24
18 20
57 14
56 7
96 14
82 19
48 19
22 19
71 15
8 14
78 15
4 3
9 22
99 2
37 24
4 11
88 10
33 19
43 19
85 15
13 6
23 17
29 20
61 15
70 25
4 3
55 7
33 1
39 9
33 1
87 24
84 2
95 2
5 23
23 7
10 1
24 24
100 3
45 5
10 8
76 24
6 2
12 11
28 4
99 9
78 3
11 3
79 15
53 4
95 22
89 13
38 23
36 23
86 26
78 24
88 14
24 10
42 20
15 26
45 9
23 20
53 14
6 16
76 17
37 10
29 15
1 15
35 15
86 19
31 25
25 20
83 15
79 21
81 14
92 24
92 16
99 11
66 12
88 10
7 1
69 2
3 16
9 15
55 3
2 24
57 12
53 8
44 23
35 20
68 5
53 9
50 9
31 6
7 14
59 22
44 17
4 10
29 25
63 10
65 17
98 8
69 6
68 17
56 6
98 12
44 21
5 15
91 11
39 20
88 6
20 8
32 8
3 7
34 9
21 26
65 18
85 13
42 24
24 3
100 16
21 20
31 3
79 17
94 25
16 26
71 3
40 25
41 18
38 12
13 11
53 17
6 1
97 14
44 21
14 1
54 11
100 12
32 23
50 2
11 25
60 26
54 15
48 11
21 5
85 8
29 8
48 20
67 9
27 19
42 14
94 5
82 6
25 19
19 22
27 2
25 17
35 15
19 4
99 17
78 12
46 15
61 2
99 23
78 9
36 6
51 8
55 12
40 7
50 3
58 23
5 1
29 22
87 3
7 10
20 4
9 18
56 19
16 14
21 25
95 13
23 6
55 7
18 9
97 5
77 21
50 21
92 1
46 1
60 24
40 10
47 11
85 10
43 18
44 21
82 16
100 2
9 1
33 9
5 7
62 20
50 19
55 16
52 11
25 6
67 14
57 8
61 20
46 11
26 11
17 4
1 6
94 26
100 7
31 6
63 25
50 8
33 14
13 17
78 25
71 15
67 13
46 17
50 16
55 9
43 16
11 26
35 16
92 22
76 11
25 25
88 23
51 18
67 6
57 22
51 5
50 12
23 23
4 4
58 26
87 6
3 15
68 12
3 3
97 15
90 24
94 19
92 15
57 17
93 12
33 6
49 6
65 19
84 5
31 23
30 24
66 20
99 26
95 3
5 21
29 7
61 24
5 22
57 17
40 22
76 2
43 2
62 1
66 20
90 6
7 25
91 17
95 7
96 24
14 6
97 19
79 7
54 8
87 21
28 8
36 1
24 3
73 16
16 12
36 7
8 11
89 9
44 25
88 7
17 23
66 25
87 25
90 19
41 26
77 11
94 8
90 22
32 12
97 24
13 21
89 15
24 26
17 4
20 23
37 3
91 19
83 1
87 5
46 21
63 25
41 13
45 8
3 8
14 8
53 16
4 13
66 21
61 14
76 24
86 12
81 18
94 19
11 22
45 25
22 14
51 21
27 15
76 26
72 12
10 13
41 23
74 9
6 23
26 7
67 2
52 26
16 21
36 23
14 18
41 7
6 10
25 13
9 22
42 23
43 14
40 14
41 2
25 19
77 7
86 9
99 1
71 7
66 23
68 14
20 8
69 7
94 12
97 5
32 8
47 10
36 12
99 5
84 11
3 7
57 17
41 20
64 16
15 12
17 19
99 18
12 16
88 19
50 5
40 23
95 22
61 9
57 12
36 18
48 4
45 17
11 17
16 15
79 8
33 15
54 15
18 22
16 19
45 24
18 8
62 2
36 21
70 26
60 4
73 16
26 9
84 24
98 20
58 11
98 22
70 1
18 23
58 6
93 10
66 10
83 16
22 6
1 15
16 4
48 22
10 23
16 25
62 18
14 12
79 12
94 20
24 23
2 19
98 3
81 25
100 1
39 10
16 9
50 16
16 10
15 22
47 9
51 21
85 21
16 16
26 2
71 25
1 3
8 10
21 20
75 6
58 2
79 2
7 15
73 3
73 20
86 11
68 8
35 2
94 22
25 5
100 8
100 18
73 4
41 20
10 21
65 17
92 20
4 8
71 13
97 19
55 3
67 11
75 21
74 23
26 4
82 3
67 15
30 6
63 25
60 6
67 11
43 12
21 25
7 15
28 13
73 23
20 5
62 19
93 23
88 8
32 11
49 8
7 18
66 3
50 3
26 25
85 9
31 4
22 18
45 2
1 14
82 14
22 26
67 12
8 18
87 18
96 25
85 1
93 10
51 7
49 21
10 5
97 1
8 25
48 10
14 12
10 3
86 4
76 16
62 10
51 17
69 16
65 24
12 16
12 25
58 15
98 18
2 5
15 20
82 25
56 17
82 19
57 13
7 23
4 20
38 11
3 10
72 20
10 13
66 14
100 12
8 24
50 21
85 5
18 25
71 5
11 21
90 18
95 7
63 20
20 14
39 26
78 23
41 1
57 19
100 24
67 20
87 15
32 13
91 3
93 21
5 26
43 8
15 4
81 7
35 10
92 11
21 4
85 16
37 19
20 2
78 13
97 1
93 20
77 5
23 10
40 2
14 20
45 25
85 11
99 21
52 21
22 20
99 4
45 24
18 14
67 4
45 24
96 10
16 14
2 10
9 1
97 22
93 19
39 4
5 18
83 25
32 1
88 6
18 13
2 4
36 2
64 14
3 22
48 9
52 23
16 14
24 4
14 23
10 16
86 16
49 24
16 13
42 18
4 9
80 8
25 23
10 3
87 12
100 20
77 15
11 8
14 16
35 14
87 19
71 15
52 13
38 7
72 18
13 3
68 23
3 11
85 7
33 9
96 25
98 20
9 7
78 18
84 11
16 11
51 4
33 3
68 10
91 24
62 15
16 13
58 7
64 22
49 15
75 13
96 5
34 24
36 21
93 22
84 3
18 13
33 16
6 5
84 21
87 18
94 2
39 12
35 26
63 26
30 15
82 19
9 2
59 9
22 1
59 8
62 25
33 3
62 3
1 16
8 9
84 21
29 3
67 10
39 9
32 23
32 3
35 8
67 6
3 26
42 5
32 25
63 14
86 1
9 17
66 25
70 17
44 16
15 4
78 14
15 12
80 11
86 13
28 4
1 5
94 20
26 18
50 19
26 13
55 21
94 12
68 7
22 20
32 13
10 9
16 19
92 8
8 18
38 10
76 16
14 16
92 24
38 14
72 10
50 20
66 17
100 8
68 18
65 17
29 12
7 21
21 9
47 15
18 1
52 19
28 23
61 23
67 22
37 1
28 19
17 2
73 15
54 22
98 11
5 7
43 18
16 13
94 17
75 8
20 19
95 22
15 4
71 12
16 2
48 23
10 12
36 18
25 14
44 8
74 22
87 13
2 4
53 15
11 11
38 6
47 5
20 11
92 7
68 7
13 20
72 18
29 21
26 21
36 1
3 3
85 14
46 10
1 8
98 22
83 26
89 23
50 1
74 2
68 26
94 1
18 22
86 4
21 9
31 8
63 22
94 20
30 1
94 24
6 3
34 16
9 22
71 19
41 14
92 17
89 7
3 7
96 7
83 13
35 22
87 22
35 10
10 18
31 4
19 4
49 10
33 14
89 11
40 13
55 1
29 3
12 14
9 24
96 15
28 6
99 24
91 14
37 2
87 2
56 18
42 24
44 8
80 26
93 21
46 6
8 17
51 7
56 17
97 8
95 2
37 8
44 16
17 4
66 16
29 11
91 5
4 24
4 13
14 26
32 8
98 13
29 6
41 23
48 10
36 18
49 19
43 25
71 23
7 20
67 16
66 7
37 25
50 15
34 9
49 17
15 14
40 6
24 5
21 5
50 16
38 19
84 14
12 16
19 15
66 16
36 11
28 24
94 9
90 11
25 26
87 9
53 4
85 25
97 9
60 17
54 4
68 18
95 8
12 22
8 15
11 8
87 23
19 17
74 2
91 5
7 21
3 1
46 1
78 19
96 25
92 2
25 1
71 6
45 21
42 9
39 17
99 20
37 14
76 13
38 10
5 13
84 11
80 3
78 9
45 11
74 20
2 24
36 8
45 20
91 7
98 26
6 8
83 26
82 13
3 3
25 14
71 20
41 20
95 3
38 9
79 5
63 19
85 8
22 20
97 12
32 11
78 9
87 24
16 4
76 6
17 16
47 10
46 2
80 6
58 17
25 17
19 23
7 23
10 12
85 4
68 12
78 3
19 3
46 16
27 4
99 23
9 7
56 19
42 2
1 4
19 26
64 6
67 5
59 5
56 8
91 9
90 11
76 26
55 20
44 8
10 17
55 10
11 23
81 12
2 15
22 21
11 17
21 2
98 23
16 16
45 8
1 9
49 11
76 8
31 11
20 21
78 17
65 7
81 7
87 6
50 20
81 7
92 18
11 14
99 3
75 16
23 13
6 18
55 15
72 13
59 5
46 7
2 2
84 12
99 16
75 2
66 22
54 9
75 22
97 19
31 24
26 6
33 9
57 12
86 4
99 14
26 11
72 2
95 13
74 13
18 9
54 13
46 8
92 25
33 3
21 10
56 24
19 15
4 9
82 23
41 5
52 2
81 24
11 22
28 9
35 6
9 21
26 12
98 15
23 21
65 12
86 22
38 19
17 6
49 7
37 17
20 11
57 6
42 24
99 5
8 6
64 16
28 1
51 1
47 7
3 9
69 7
76 4
32 14
45 8
1 9
66 12
72 23
79 11
77 7
70 19
14 17
93 24
82 15
69 9
21 18
84 16
75 8
41 13
46 5
37 24
43 14
58 16
46 2
80 15
35 2
62 24
22 9
6 17
39 21
6 2
40 2
29 17
46 9
30 22
9 21
24 12
76 25
94 7
26 17
96 22
61 16
40 10
78 20
11 16
46 16
84 26
34 1
8 11
82 8
21 12
13 25
52 11
12 17
22 6
12 19
76 20
18 11
87 25
15 23
67 2
70 22
85 13
56 10
38 19
70 15
13 19
70 5
62 11
52 11
58 20
42 7
18 18
20 7
55 9
92 8
80 15
78 20
68 20
40 6
49 14
44 19
80 12
17 21
34 21
79 22
67 25
24 8
16 6
93 22
61 6
15 19
18 8
5 23
73 11
86 1
9 8
63 16
43 11
60 14
35 11
9 12
24 19
34 17
70 8
10 18
71 14
14 5
73 26
84 8
74 9
44 5
81 3
87 23
36 10
7 9
33 4
74 16
26 15
85 12
70 13
97 11
46 7
69 12
4 9
9 17
12 1
8 5
94 25
16 11
92 11
70 14
16 4
35 13
13 18
1 2
85 24
85 6
7 15
70 10
55 14
18 22
2 7
5 4
48 19
21 15
30 12
17 25
80 18
