100 34
934 900
10 22
91 9
88 12
19 4
52 28
36 3
12 25
3 9
19 1
18 25
2 19
94 21
57 21
51 14
50 30
4 6
2 1
39 4
29 10
70 16
6 29
64 20
90 17
58 18
2 17
44 33
33 27
20 16
57 10
44 17
6 10
11 32
74 22
29 21
12 16
96 19
71 7
33 20
46 8
70 8
53 7
5 20
5 28
79 14
89 6
66 21
64 19
21 10
63 21
56 13
46 27
63 27
37 34
25 2
92 8
22 16
51 22
81 10
17 1
43 8
56 16
32 18
13 9
64 5
17 22
29 8
95 7
8 17
16 28
14 16
4 28
94 23
47 33
25 19
80 26
63 6
82 16
59 3
7 26
76 22
61 29
2 2
71 23
87 3
8 12
48 4
36 17
6 20
75 13
43 24
92 5
82 27
89 12
72 14
64 31
47 4
74 30
26 24
69 9
89 27
5 22
21 20
51 21
37 3
47 12
81 16
4 4
34 12
51 29
16 26
11 6
50 24
43 4
54 23
79 32
66 33
78 30
22 23
77 24
11 2
89 19
53 20
8 11
43 10
98 1
67 14
69 9
100 20
37 9
26 20
65 4
95 17
25 24
49 14
1 11
24 14
50 19
40 34
77 31
99 18
17 3
54 20
32 3
58 24
38 19
2 15
88 29
28 18
75 7
87 33
94 7
31 15
65 16
1 30
36 22
62 29
4 11
74 20
20 17
32 20
35 3
56 9
32 2
72 2
4 9
96 33
30 8
16 13
39 10
1 26
74 1
12 11
38 10
84 31
25 34
91 20
77 12
9 19
58 11
39 6
61 10
89 15
14 34
74 17
25 33
56 18
49 12
25 21
38 7
36 13
29 16
92 25
47 17
42 28
14 15
3 29
29 10
49 20
72 14
42 14
5 12
66 29
46 2
92 9
88 16
62 20
12 18
13 16
52 4
58 27
74 8
45 33
88 20
99 30
22 8
97 26
52 29
37 5
30 14
99 31
52 33
98 4
43 17
57 11
8 23
3 30
46 26
87 16
15 14
61 31
16 23
11 5
27 10
57 7
69 32
69 17
93 18
81 3
55 34
79 5
20 21
46 10
24 32
10 32
85 15
59 27
17 6
16 31
92 1
47 2
25 23
22 22
36 11
66 17
85 5
5 15
90 21
72 34
60 9
27 6
43 26
41 10
73 26
72 26
14 12
44 7
79 15
30 4
73 12
4 2
41 32
52 29
77 34
84 18
84 30
84 1
90 28
33 29
16 19
48 30
36 31
71 29
56 28
42 31
54 31
83 23
75 26
71 15
40 32
48 10
100 19
69 30
99 18
93 28
69 12
70 27
61 1
84 17
67 25
33 23
96 9
78 9
56 3
82 19
87 9
53 13
80 3
14 19
24 22
35 26
70 29
53 13
72 10
39 13
40 33
100 30
61 29
36 7
67 12
93 3
19 27
26 11
79 1
73 23
71 5
65 29
53 14
70 34
7 33
74 14
12 26
42 24
22 32
73 20
25 3
69 17
54 10
80 19
68 11
29 18
37 11
45 7
44 5
75 15
71 2
49 21
73 2
40 10
30 14
52 16
39 22
31 27
99 10
25 29
72 34
9 25
59 23
99 27
57 10
70 9
47 21
92 22
8 29
88 28
9 12
84 29
11 26
52 2
34 21
69 25
58 6
16 29
46 17
96 20
7 29
54 3
66 34
72 8
18 5
35 30
36 31
28 26
83 18
81 5
93 13
66 14
66 13
45 7
9 32
42 5
87 6
68 8
13 21
48 9
30 16
79 23
67 29
55 6
10 12
12 20
47 2
89 15
37 34
26 29
99 24
93 1
40 27
34 12
72 21
91 22
7 33
89 14
50 20
43 23
98 11
64 20
17 31
97 17
29 25
38 32
64 33
76 28
97 13
70 27
28 14
22 16
6 1
20 4
64 12
60 17
65 17
28 29
71 29
94 12
93 4
59 12
81 14
54 3
85 19
6 34
63 20
26 7
33 3
10 24
59 4
40 7
21 4
14 33
82 9
68 13
72 11
40 2
33 28
51 10
13 15
17 32
1 10
13 15
50 10
72 13
28 8
72 30
22 23
99 4
7 21
95 30
82 33
76 7
51 18
77 31
89 33
51 31
65 5
79 7
82 16
8 6
9 33
59 22
31 6
86 34
7 14
18 30
82 14
6 33
20 29
30 34
96 8
90 26
67 14
92 4
24 8
73 2
5 34
50 17
1 3
81 24
4 19
68 7
51 4
71 21
71 1
52 20
4 10
87 20
80 10
69 11
81 23
53 17
15 33
1 27
9 23
58 4
3 3
91 24
37 15
7 21
21 33
30 33
95 11
53 20
10 1
83 33
7 30
22 33
84 5
7 17
73 6
22 2
94 22
67 11
18 4
75 21
40 5
37 14
50 7
71 34
1 5
74 9
26 27
34 4
39 3
33 19
80 5
58 12
59 8
64 31
50 14
79 9
10 11
37 12
4 22
42 31
3 28
86 19
54 33
19 19
17 15
96 2
47 6
3 16
8 12
90 4
82 8
21 26
43 26
83 22
55 24
84 9
24 31
55 25
53 22
84 12
28 7
50 13
22 15
95 27
26 27
60 5
69 7
86 13
58 19
1 16
41 26
90 30
5 34
2 8
87 13
36 26
42 11
89 29
20 15
89 23
97 31
42 23
98 14
63 30
19 24
100 28
87 14
48 21
47 11
63 5
35 21
73 21
34 19
31 34
68 28
3 16
88 16
3 2
56 24
35 14
97 30
59 30
95 32
44 9
55 14
19 14
41 2
56 28
30 26
18 2
21 3
50 14
28 18
40 30
43 34
95 13
35 13
20 9
32 29
12 33
56 22
93 1
48 9
39 22
14 4
99 28
11 31
4 31
80 4
56 15
84 30
23 10
67 16
18 27
38 6
76 8
37 27
100 4
50 28
68 8
21 16
2 4
4 1
98 11
66 5
12 30
6 8
29 30
50 2
38 7
86 20
82 5
30 16
57 2
64 1
32 15
82 22
69 12
44 24
99 18
57 21
95 23
68 29
84 14
47 16
45 25
16 26
40 16
36 10
22 1
95 2
26 19
1 28
46 14
33 30
85 21
3 7
78 9
62 27
95 29
5 18
7 32
15 7
7 32
78 18
69 29
83 15
60 12
24 1
36 10
96 34
55 4
86 11
45 32
29 3
65 23
24 20
34 33
51 29
71 21
61 6
70 30
52 23
67 11
17 32
53 3
83 8
93 15
75 28
46 30
56 34
72 25
64 31
64 26
73 17
89 27
72 7
24 8
9 18
24 28
77 15
3 12
20 7
76 17
54 13
61 5
84 4
70 31
17 21
43 31
29 22
30 25
88 28
64 34
95 23
47 12
65 32
79 20
87 17
28 16
18 33
73 11
33 23
16 30
45 11
88 4
71 15
88 19
32 3
46 26
69 13
85 21
64 28
34 14
93 15
86 31
85 23
13 13
67 23
75 27
38 2
75 3
50 20
100 29
23 14
64 34
63 1
11 32
27 4
67 6
90 30
60 19
54 18
72 30
75 28
60 21
99 16
22 5
11 33
99 29
14 1
95 25
41 10
5 14
99 14
45 21
59 14
100 15
14 5
79 6
58 22
64 18
72 28
38 15
65 20
49 30
24 16
14 13
34 4
5 19
58 18
6 6
8 10
87 20
12 27
5 2
53 15
24 28
16 26
12 3
4 31
82 8
5 11
37 23
64 25
100 27
12 5
87 5
22 34
4 22
37 16
70 15
25 13
44 9
27 1
9 12
30 32
18 1
9 28
23 28
24 4
24 14
54 16
89 22
65 20
60 7
63 29
13 11
63 8
85 26
95 7
85 1
52 26
61 5
2 34
23 20
11 29
67 11
66 5
98 27
7 9
42 5
26 28
31 23
27 28
88 28
7 23
73 33
45 27
22 12
43 27
88 14
29 2
34 34
82 6
16 33
63 22
29 3
17 2
84 1
93 20
10 9
6 7
93 13
87 1
69 33
93 9
65 13
64 6
66 17
2 19
56 32
73 6
81 18
18 27
34 1
96 22
27 25
13 14
82 13
49 32
99 22
27 7
99 13
96 30
39 9
88 8
31 10
55 3
52 28
87 17
38 25
34 20
92 5
41 18
61 16
43 23
34 8
26 14
34 32
42 10
91 17
27 23
24 19
17 9
76 13
91 30
30 3
41 11
77 1
39 1
95 3
3 24
95 6
31 26
7 10
81 16
90 24
63 13
48 32
58 9
100 32
87 15
32 6
16 4
40 13
49 15
79 23
49 3
96 2
65 19
4 34
16 2
14 16
82 27
60 20
74 8
77 32
89 1
92 3
27 34
17 13
7 15
29 32
88 33
30 2
53 34
26 14
52 19
19 32
20 30
84 19
83 24
52 20
41 33
91 23
25 24
11 4
13 24
93 22
100 30
30 33
46 3
15 21
30 23
72 24
12 4
51 11
56 5
60 17
64 18
64 16
31 18
76 31
54 32
38 26
10 15
11 15
63 11
43 32
6 32
77 33
70 17
16 13
97 12
44 28
32 12
75 12
18 19
68 24
27 16
3 26
78 14
49 23
18 12
75 14
16 13
53 8
43 14
26 19
58 34
85 3
46 17
98 23
70 14
54 29
51 33
83 3
58 15
9 7
41 29
33 9
59 10
42 21
70 5
89 13
25 4
9 5
13 26
20 5
16 20
21 6
41 25
73 13
22 31
68 17
25 15
40 28
12 32
39 24
29 17
53 12
69 3
55 6
51 28
80 15
62 1
36 10
18 9
69 28
10 19
70 11
61 26
3 1
45 3
61 29
95 21
61 26
45 27
56 6
29 21
2 14
36 29
16 34
71 32
49 23
70 31
69 3
38 6
36 22
67 32
54 9
30 11
91 32
65 18
75 16
75 12
52 31
79 29
25 13
59 13
33 15
83 20
49 6
7 28
34 16
59 24
96 9
56 12
29 28
66 30
43 4
51 11
58 14
95 7
46 23
21 2
38 34
85 13
36 14
52 28
7 25
69 11
86 31
91 6
94 6
27 12
57 4
79 7
46 20
65 14
99 16
24 15
87 6
60 30
6 17
66 9
50 12
6 5
76 18
6 15
71 10
34 18
91 12
75 29
94 25
5 26
54 16
68 10
36 9
97 10
99 23
6 24
26 23
40 20
86 20
72 9
69 31
86 33
73 5
59 34
6 1
22 12
26 14
27 34
85 21
14 19
93 14
29 22
69 13
86 5
20 15
61 22
20 33
35 15
49 28
62 1
3 32
97 24
49 34
5 10
10 20
53 15
47 33
46 21
80 19
19 12
19 5
5 31
19 15
71 28
95 32
41 1
36 22
65 6
50 6
67 10
18 18
36 9
75 21
67 26
57 10
38 18
26 23
39 26
23 14
26 3
88 17
3 10
50 24
80 28
35 33
25 33
73 25
81 10
23 34
70 17
88 24
91 16
41 13
48 8
60 11
38 34
4 19
38 31
92 4
57 2
89 15
94 6
20 15
31 32
71 30
54 6
42 8
80 19
20 14
68 26
13 1
30 33
6 7
16 7
60 26
42 27
16 22
85 17
39 22
3 12
42 1
16 21
18 31
18 29
82 8
61 10
27 24
88 15
98 6
94 25
77 22
27 23
26 24
2 4
71 12
25 11
70 5
71 6
1 26
8 31
42 30
31 32
43 13
55 15
83 14
68 31
94 30
4 2
40 34
92 16
9 3
63 28
51 32
4 8
96 17
60 25
91 29
79 2
58 4
18 30
28 32
84 20
75 18
67 3
43 7
2 7
35 5
47 24
90 19
56 19
38 12
73 30
47 7
46 7
58 19
91 28
78 30
84 17
86 32
95 21
53 16
13 25
69 26
14 18
82 26
7 31
27 34
34 23
82 23
59 6
22 4
76 12
90 20
65 16
45 14
89 30
93 20
46 20
20 14
25 5
84 3
91 30
15 10
71 26
93 2
76 15
81 31
43 16
21 21
59 15
27 22
37 24
13 23
47 10
36 16
46 19
53 25
30 19
29 31
37 3
81 2
23 9
38 24
94 22
12 2
87 28
41 5
30 13
80 27
21 13
61 2
18 29
38 9
51 1
24 21
94 28
11 4
57 12
35 16
65 2
18 29
67 17
32 10
70 26
19 25
70 23
45 2
7 19
72 21
96 12
84 26
62 14
15 20
58 3
92 15
29 29
2 20
27 7
13 1
91 6
51 15
84 30
59 32
72 31
31 16
50 34
89 31
30 33
82 9
44 25
14 1
94 30
95 24
71 1
33 11
53 11
20 9
67 15
42 2
82 34
82 31
10 19
19 32
57 14
52 21
72 21
73 5
99 21
13 14
38 23
76 8
16 33
60 7
65 24
70 6
2 12
78 30
46 3
19 24
13 8
38 4
65 11
12 32
96 6
85 16
72 34
20 16
33 24
47 13
85 9
24 33
30 31
79 21
77 16
42 6
62 25
81 11
26 1
67 18
99 29
4 34
46 10
67 24
30 28
47 6
98 20
6 17
95 5
48 31
37 1
53 3
32 27
70 34
86 17
92 4
18 3
35 9
81 31
13 14
12 12
86 15
53 9
87 32
49 32
42 27
96 12
57 19
97 23
17 16
4 22
89 16
25 29
87 13
81 6
8 18
60 14
23 2
14 26
13 11
82 29
16 28
23 28
42 26
91 2
89 30
3 16
59 33
23 1
3 34
2 14
35 13
85 13
12 3
2 24
29 7
50 11
81 21
24 2
4 31
21 7
51 27
35 33
54 17
59 11
37 32
99 20
60 12
32 12
16 9
5 5
8 16
41 20
35 9
71 21
61 31
6 3
59 4
94 6
17 33
52 33
98 22
64 7
48 28
60 31
40 7
19 18
97 28
98 19
61 7
67 33
67 25
13 21
92 27
20 28
60 31
59 15
58 10
14 2
40 16
10 13
15 28
39 1
98 12
99 16
96 18
93 30
9 25
16 4
21 3
28 9
24 33
84 5
69 21
79 23
4 2
3 5
86 16
61 17
62 30
88 9
2 11
54 31
22 7
91 11
30 4
99 31
41 1
1 31
75 12
55 11
73 2
38 8
17 1
40 18
36 18
61 33
89 18
56 12
15 17
96 30
19 16
71 23
57 6
82 15
18 28
41 14
84 9
98 21
54 30
96 30
12 7
55 18
26 26
54 23
92 24
48 3
91 6
85 33
13 29
59 25
55 1
84 25
32 30
5 11
70 21
80 1
11 18
94 11
44 14
87 20
67 11
83 26
20 3
49 11
81 8
50 19
10 3
96 31
47 1
59 12
100 33
24 27
18 16
94 11
10 30
68 13
1 8
86 8
25 1
87 23
7 7
56 14
95 31
43 12
18 6
30 15
21 33
2 12
4 31
100 26
90 14
51 11
60 4
90 29
79 31
63 18
12 24
88 34
87 34
85 21
98 7
3 20
11 26
13 24
67 23
98 10
54 34
100 11
93 30
92 18
33 28
4 11
54 28
28 2
87 12
69 13
7 27
29 23
27 30
3 4
56 33
13 18
21 30
9 10
8 16
43 1
74 16
99 10
25 29
99 17
41 27
79 5
3 15
95 3
70 27
75 13
49 1
61 34
59 20
3 9
95 14
75 11
96 5
69 24
43 7
83 7
17 3
24 31
79 15
15 30
70 25
37 22
40 34
76 27
15 9
31 33
28 24
71 1
95 12
19 21
65 2
63 5
66 3
65 26
70 13
27 32
62 24
75 23
52 27
17 8
30 9
63 15
89 3
67 8
40 7
14 27
80 30
1 3
8 10
99 26
74 25
62 11
37 33
82 6
36 23
80 29
14 9
46 15
96 8
22 9
73 1
77 6
54 1
76 9
29 12
22 17
75 8
4 16
47 31
77 27
79 32
62 13
20 6
13 3
86 29
98 33
20 12
44 24
77 26
47 29
72 26
36 19
92 3
26 1
74 17
26 16
54 30
60 29
93 3
52 5
41 30
78 28
13 10
68 14
74 10
42 11
25 1
86 13
11 1
100 16
11 3
89 6
37 22
2 17
80 2
40 2
64 6
29 28
51 33
2 11
57 7
70 29
14 28
37 14
67 30
19 3
33 11
77 9
67 5
44 13
60 31
8 32
66 9
34 20
67 28
49 8
21 25
40 20
41 4
87 15
43 32
46 32
96 31
31 24
81 5
63 21
34 20
5 31
75 7
18 7
86 6
15 30
6 10
59 7
15 5
46 23
47 29
52 19
10 2
71 2
60 9
32 12
80 20
22 12
89 10
