77,68
12
7
18
10
17
1
6
9
4
10
3
18
15
11
6
2
8
6
0
9
8
2
2
12
10
11
13
3
10
17
17
14
4
7
4
13
8
2
14
5
5
17
3
0
1
2
3
9
0
15
11
0
17
13
12
19
16
17
3
19
14
12
13
10
19
10
15
19
12
9
4
17
19
0
10
0
14
24 34
8 24
8 43
21 43
21 35
35 61
10 61
7 9
7 53
7 50
2 9
2 15
4 7
16 17
16 23
16 58
17 71
17 20
23 36
23 77
12 17
25 58
27 54
27 56
29 56
29 59
5 59
26 74
60 74
64 74
6 76
6 62
6 22
22 49
22 31
42 76
42 65
32 62
13 22
47 72
47 48
45 48
39 45
39 63
46 63
37 46
33 37
18 33
30 57
30 41
19 57
19 40
40 70
67 70
14 67
14 41
51 68
66 75
66 69
3 66
3 52
1 3
55 73
11 55
11 38
28 38
28 44
44 73
