948,464
18
3
9
16
2
12
5
7
4
16
5
9
1
7
5
3
14
1
0
9
12
0
11
0
4
12
18
0
7
2
16
17
5
6
13
7
18
11
14
2
7
11
3
1
18
1
4
4
2
4
5
14
4
17
15
0
1
5
13
8
7
9
18
4
15
11
3
5
2
17
19
2
0
3
3
10
4
7
14
18
3
19
13
7
8
8
0
10
5
13
10
12
2
0
16
10
12
19
15
6
8
15
0
0
10
3
10
6
2
4
16
5
15
9
5
16
9
5
18
14
10
0
18
12
1
6
2
5
17
18
3
17
5
4
17
7
19
7
5
2
3
1
19
11
3
16
19
12
13
17
19
3
9
17
16
10
4
18
15
1
8
11
11
5
15
8
12
14
8
9
8
3
3
8
14
6
16
13
18
10
2
17
13
12
7
9
14
11
8
2
4
8
13
15
14
8
16
18
14
4
8
3
19
3
3
14
9
19
19
7
1
2
17
15
6
4
4
0
7
4
2
3
13
7
11
19
15
7
17
2
3
17
17
2
0
0
8
9
11
8
9
13
2
18
0
8
14
4
0
1
1
15
16
6
2
7
5
10
6
14
12
9
4
9
4
4
1
4
6
4
12
7
9
6
17
9
6
11
6
19
12
7
14
8
13
16
8
18
18
14
4
10
16
8
11
12
13
4
16
11
9
1
10
18
7
7
0
6
18
6
5
2
13
19
2
18
7
10
16
18
5
0
8
13
9
12
5
14
16
1
17
5
2
7
16
2
14
8
0
12
14
5
6
19
16
8
17
15
19
5
13
16
17
14
1
18
6
6
12
14
19
9
12
14
8
0
8
2
8
8
6
14
13
12
13
1
13
2
8
4
19
2
12
16
8
13
15
6
19
19
0
10
1
12
4
9
12
12
4
0
0
10
6
5
15
11
18
0
13
7
4
4
1
16
1
9
9
8
15
0
7
15
2
8
8
7
10
12
11
14
5
4
16
11
1
11
3
0
11
8
7
7
5
8
3
6
9
4
14
4
16
13
19
19
14
19
18
4
4
9
18
9
13
14
12
15
18
7
7
1
8
6
9
13
6
4
19
15
9
5
19
17
10
10
16
4
2
14
8
6
4
6
15
9
13
19
16
11
7
3
12
15
9
13
8
15
18
19
10
19
16
1
16
6
12
5
11
6
19
11
12
15
18
19
17
3
18
13
14
5
17
18
0
18
12
0
6
2
19
8
1
7
10
17
6
14
2
17
12
14
0
4
1
10
3
18
13
13
12
19
19
1
18
11
11
2
4
17
4
3
18
5
3
0
14
9
14
9
18
18
15
18
2
16
9
17
15
14
10
19
14
1
0
12
5
11
6
9
1
10
4
19
7
7
19
1
8
5
2
6
3
17
17
17
14
18
14
1
12
16
0
18
10
0
2
15
3
8
16
16
18
12
15
17
0
6
19
0
3
13
7
18
11
16
15
17
14
1
18
18
10
18
17
0
10
19
7
5
8
15
2
18
7
17
16
19
16
7
0
11
0
19
10
3
15
5
12
1
19
10
19
9
0
16
1
10
8
0
16
8
15
10
6
2
19
14
2
15
1
14
7
14
13
17
17
0
14
10
1
5
12
0
14
13
9
7
15
17
7
3
5
2
13
3
17
13
18
11
0
11
17
19
5
10
8
15
10
3
17
3
8
9
3
15
14
4
2
2
1
2
17
18
16
11
14
13
16
12
16
16
15
13
16
1
15
16
8
5
19
5
8
0
14
4
7
1
8
1
3
2
3
0
12
0
3
6
5
11
10
14
0
6
7
16
19
3
4
7
0
16
12
1
8
18
17
15
11
17
8
6
19
4
19
4
4
2
2
1
14
13
15
14
11
15
2
10
18
6
9
10
14
13
11
2
11
8
17
3
6
18
1
17
2
0
13
18
3
16
19
9
1
7
15
4
2
9
6
12
7
15
2
2
8
6
4
11
6
14
6
4
12
8
14
14
8
7
12
3
15
3
4
16
2
19
12
4
0
18
8
8
13
11
2
13
9
18
5
15
12
11
12
16
19
6
2
0
5
6
3
1
10
8
9
12
19
2
9
0
0
17
0
6
0
14
19
9
12
4
17
17
16
9
13
7
7
16
7
12
2
11
13
4
11
15
9
10
17
18
4 332
1 6
9 849
9 236
236 849
760 795
99 760
99 795
505 852
289 769
169 276
23 276
23 707
444 603
573 920
285 323
33 34
223 751
38 675
41 249
46 406
46 129
63 129
63 321
537 745
211 804
56 211
275 278
60 658
280 536
234 350
178 556
594 682
396 492
19 718
19 336
502 649
84 897
59 84
59 737
88 146
377 631
118 631
93 625
87 430
87 500
430 500
312 608
103 263
103 555
105 263
105 555
30 109
304 441
526 939
471 526
121 726
612 894
45 743
45 392
598 818
217 598
217 818
111 860
572 860
534 572
80 141
8 783
145 702
151 842
476 689
388 780
388 710
729 780
710 729
159 344
554 673
164 231
778 821
113 433
172 866
173 866
373 705
10 373
10 193
193 705
672 883
180 845
180 264
264 845
177 641
243 641
417 734
184 734
610 839
196 513
196 371
199 857
481 857
202 481
179 564
208 209
288 781
213 288
213 781
43 605
218 626
150 626
207 626
204 382
73 204
73 382
227 817
139 227
230 916
232 233
810 878
277 878
277 810
733 782
652 881
102 187
338 905
246 747
648 747
137 747
499 747
77 402
77 253
123 765
257 380
47 257
47 380
220 262
405 859
107 859
266 859
270 816
270 647
273 816
62 703
225 732
57 599
57 582
390 599
390 582
314 838
212 300
300 348
101 348
299 596
415 467
345 415
345 467
106 528
906 907
100 907
100 906
201 341
78 834
399 613
115 399
115 613
320 438
97 828
327 393
327 368
368 393
95 228
95 443
228 443
203 563
203 337
339 862
366 862
366 933
633 862
633 790
238 668
174 668
607 668
214 539
353 539
580 896
51 478
316 363
158 527
308 452
408 832
409 832
329 374
378 510
379 491
379 721
491 721
86 900
86 128
128 900
381 802
91 391
457 940
235 854
398 854
398 700
27 700
27 235
11 451
354 685
354 833
685 833
13 189
411 472
21 413
31 595
419 446
419 768
425 637
98 425
429 679
42 432
432 514
307 808
436 437
439 674
439 891
674 891
516 699
516 739
847 930
162 495
162 412
412 495
39 688
39 822
25 822
221 248
459 486
465 565
565 764
458 623
54 458
508 578
361 508
489 660
624 923
482 932
138 324
36 547
746 936
26 423
704 771
81 501
32 318
32 142
142 318
319 503
719 758
440 823
585 823
709 741
165 182
260 785
260 736
736 785
305 456
609 617
521 617
424 442
50 542
713 867
540 867
360 540
837 921
149 435
149 589
251 317
251 552
52 569
240 349
752 912
545 827
892 893
198 761
96 723
386 574
386 553
553 574
90 888
506 888
666 888
546 742
254 448
551 558
302 642
302 600
591 927
15 591
331 384
130 195
130 410
48 279
279 487
181 487
488 934
616 890
168 229
615 835
116 618
116 619
116 557
884 929
387 519
387 484
484 519
593 942
568 630
455 632
340 632
634 738
634 636
636 738
875 908
250 504
250 686
504 740
686 740
461 744
134 779
342 420
541 653
76 654
255 493
127 566
127 774
75 450
161 711
161 352
71 352
498 901
498 826
120 826
120 901
205 676
678 759
656 759
683 786
468 687
717 806
362 918
40 523
29 85
261 728
511 577
283 333
296 820
296 477
714 820
714 715
35 715
35 477
82 156
82 298
428 722
661 725
272 661
94 813
525 829
571 909
191 861
16 153
447 454
695 931
247 748
750 914
422 517
12 669
756 794
7 784
762 763
763 796
639 730
258 770
89 258
89 770
466 657
125 274
662 776
496 777
401 496
286 404
286 915
474 712
284 474
281 716
789 831
791 831
793 889
801 889
313 646
427 797
365 797
328 800
328 385
170 643
170 490
44 434
347 809
811 825
597 876
171 303
301 303
560 819
886 946
812 824
239 812
239 840
124 904
375 383
192 850
650 919
112 650
445 844
325 445
606 628
606 887
148 306
148 851
148 775
18 369
200 389
548 879
155 863
3 638
614 870
310 870
185 870
397 590
22 397
334 588
66 880
17 152
135 805
190 655
583 727
160 244
259 903
259 282
110 581
265 911
183 913
376 512
24 864
24 885
864 885
497 922
579 925
252 925
20 754
449 871
343 550
475 567
937 938
611 620
136 945
