637,141
6
6
4
10
0
11
2
12
9
8
2
9
17
9
7
18
16
12
3
1
15
0
13
1
17
13
8
7
15
17
15
1
3
11
3
15
15
17
0
4
5
14
13
15
3
1
13
12
5
9
13
1
9
18
14
18
11
2
18
18
19
13
12
15
4
15
2
11
5
2
16
2
8
1
17
12
14
3
16
0
12
9
13
13
0
19
11
3
1
9
2
12
14
14
7
11
1
2
2
18
4
10
1
13
12
18
17
18
1
13
18
5
14
3
18
14
2
2
10
15
3
12
8
18
18
7
1
11
9
3
10
6
6
11
19
18
1
8
16
15
1
7
0
7
2
19
14
17
1
4
12
4
8
0
14
18
0
15
9
1
11
11
7
17
2
18
15
16
6
3
11
19
2
11
7
5
10
13
2
3
17
6
0
5
19
14
3
19
2
4
0
13
16
0
10
10
18
17
6
5
12
9
16
15
1
15
12
3
8
6
19
5
4
19
2
3
5
17
14
7
2
7
0
10
7
10
12
5
19
11
2
12
0
19
19
1
6
3
17
15
9
16
12
5
15
7
9
12
4
3
0
18
10
0
0
17
3
13
15
2
4
17
6
16
8
17
18
7
0
7
2
1
3
6
7
10
5
16
14
2
11
14
0
14
7
13
3
10
6
18
4
2
8
3
18
8
0
8
15
1
7
9
14
2
8
1
4
13
9
19
15
1
13
8
7
0
1
10
2
19
1
7
13
9
2
3
9
2
4
5
15
11
6
10
14
14
3
18
0
13
17
7
6
3
15
13
3
8
3
6
19
16
5
12
5
7
16
7
1
0
12
9
11
10
19
17
5
2
16
17
15
5
4
13
8
0
6
4
0
2
2
0
18
7
12
16
6
0
3
19
12
7
8
16
17
7
13
14
2
1
11
9
7
16
3
7
8
1
11
8
3
5
8
14
12
13
10
10
5
5
2
18
12
10
14
1
10
7
16
12
9
19
13
8
15
16
7
15
18
11
16
13
16
16
7
1
9
9
11
15
14
13
13
18
16
19
0
6
6
16
10
7
15
15
15
3
12
15
10
2
6
6
7
2
3
7
3
4
16
7
11
3
12
16
1
0
15
1
18
2
17
8
9
5
4
17
8
8
12
18
2
10
17
1
12
0
8
8
4
17
7
16
0
11
4
1
12
0
3
10
2
12
11
3
17
7
0
17
7
4
8
1
14
5
2
19
17
3
19
13
0
18
1
12
9
6
13
13
6
8
4
8
13
7
3
2
14
16
0
1
0
0
14
7
17
16
18
6
11
17
19
3
7
1
15
16
19
1
10
5
9
6
5
2
13
8
5
19
4
17
12
17
9
6
16
18
14
14
4
6
3
15
9
10
16
17
6
15
18
8
12
7
14
17
2
19
18
19
18
2
8
10
11
17
16
7
7
3
1
11
9
4
6
10
6
15
7
480 534
21 87
526 569
28 29
28 30
29 30
33 83
193 455
206 228
44 291
60 494
50 67
320 332
404 435
78 244
141 351
107 180
94 422
201 637
101 201
101 637
167 573
190 612
190 537
537 612
119 428
123 327
32 327
32 123
135 532
18 508
242 545
231 382
144 231
144 382
109 131
148 443
262 588
262 499
499 588
316 571
606 627
184 254
184 223
223 254
68 339
299 350
51 399
624 628
46 334
464 600
214 375
317 595
75 140
448 583
211 348
247 553
93 344
43 269
62 529
297 336
35 297
35 336
578 636
270 536
276 502
95 221
55 289
1 393
300 409
241 313
108 258
139 530
471 577
471 598
577 598
217 598
217 471
217 577
413 538
205 566
159 524
20 550
294 516
371 509
282 379
377 547
303 377
303 547
91 397
401 425
572 593
570 602
152 257
3 354
166 185
130 394
473 510
417 517
170 558
308 475
197 540
2 73
492 619
192 312
57 310
128 278
248 528
113 253
90 113
90 253
293 520
157 580
157 285
285 580
277 368
49 86
49 200
86 200
9 474
456 542
383 551
298 383
298 551
226 349
315 457
396 622
268 454
103 469
264 599
70 444
19 444
19 70
576 594
174 500
174 449
449 500
13 203
218 324
165 237
16 146
